#1      t1      2       t2      5       t5      6       t6 
22.9    80      25.39   50      25.22   60      27.28   48   
22.88   84      23.55   80      24.87   84      25      80 
25.3    146     27.82   126     28.21   134     30.15   124
25.08   172     25.37   164     27.14   168     27.01   164
26.9    226     29.26   206     29.72   214     31.57   204
26.55   254     26.74   244     28.48   250     28.32   244
28.12   302     30.38   286     30.81   292     32.61   284
27.66   334     27.75   326     29.46   330     29.26   324
29.06   382     31.28   366     31.68   372     33.49   364
28.51   416     28.54   406     30.25   410     30.05   404
29.78   460     31.94   446     32.38   452     34.16   446
29.11   498     29.07   486     30.79   490     30.6    486
30.36   540     32.5    526     32.86   534     34.66   526
29.76   576     29.78   566     31.43   570     31.21   564
31.02   622     33.24   606     33.56   612     35.35   606
30.34   658     30.35   646     31.98   652     31.79   646
31.56   700     33.74   686     34.04   694     35.85   686
30.93   736     30.99   726     32.58   730     32.41   724
32.14   780     34.36   766     34.65   772     36.46   764
31.37   818     31.41   806     33.01   812     32.86   806
