#	Temperatur 1 (°C)	Temperatur 2 (°C)	Temperatur 3 (°C)	Temperatur 4 (°C)	Temperatur 5 (°C)	Temperatur 6 (°C)	Temperatur 7 (°C)	Temperatur 8 (°C)
1	24.47	24.98	24.79	23.91	25.38	25.78	25.30	23.48
2	24.47	25.03	24.86	23.92	25.37	25.91	25.31	23.48
3	24.47	25.18	25.06	23.92	25.39	26.22	25.33	23.48
4	24.48	25.41	25.35	23.94	25.45	26.61	25.38	23.48
5	24.50	25.68	25.67	23.96	25.55	27.02	25.47	23.48
6	24.53	25.98	26.01	24.00	25.70	27.41	25.60	23.48
7	24.58	26.27	26.36	24.06	25.85	27.79	25.75	23.47
8	24.64	26.57	26.70	24.13	26.03	28.15	25.93	23.47
9	24.71	26.86	27.02	24.21	26.21	28.50	26.12	23.48
10	24.80	27.13	27.34	24.30	26.42	28.82	26.32	23.48
11	24.90	27.40	27.64	24.40	26.62	29.12	26.54	23.48
12	25.00	27.66	27.93	24.52	26.82	29.41	26.76	23.48
13	25.11	27.91	28.21	24.64	27.03	29.69	26.98	23.49
14	25.22	28.14	28.47	24.76	27.25	29.95	27.20	23.50
15	25.34	28.37	28.72	24.89	27.46	30.20	27.43	23.50
16	25.47	28.58	28.97	25.01	27.66	30.44	27.64	23.50
17	25.59	28.79	29.19	25.15	27.88	30.67	27.86	23.51
18	25.72	28.99	29.41	25.28	28.09	30.89	28.07	23.52
19	25.85	29.18	29.61	25.41	28.29	31.10	28.28	23.53
20	25.98	29.36	29.81	25.55	28.50	31.31	28.49	23.54
21	26.11	29.54	30.00	25.68	28.69	31.51	28.68	23.56
22	26.23	29.70	30.16	25.81	28.89	31.70	28.87	23.56
23	26.36	29.86	30.34	25.94	29.08	31.88	29.06	23.59
24	26.50	30.02	30.49	26.06	29.28	32.06	29.23	23.60
25	26.62	30.17	30.64	26.18	29.47	32.24	29.41	23.62
26	26.74	30.31	30.79	26.31	29.65	32.41	29.58	23.64
27	26.87	30.45	30.94	26.43	29.84	32.57	29.75	23.66
28	27.00	30.58	31.07	26.57	30.01	32.73	29.92	23.69
29	27.13	30.71	31.20	26.68	30.18	32.88	30.07	23.71
30	27.25	30.83	31.33	26.81	30.35	33.02	30.21	23.73
31	27.37	30.95	31.45	26.93	30.52	33.16	30.36	23.76
32	27.49	31.07	31.56	27.05	30.69	33.31	30.50	23.79
33	27.61	31.18	31.68	27.17	30.84	33.44	30.64	23.82
34	27.73	31.29	31.79	27.29	31.00	33.57	30.77	23.85
35	27.85	31.40	31.89	27.40	31.16	33.71	30.90	23.89
36	27.96	31.51	31.99	27.51	31.31	33.83	31.02	23.92
37	28.08	31.61	32.08	27.62	31.46	33.95	31.14	23.95
38	28.19	31.71	32.17	27.72	31.60	34.07	31.24	23.98
39	28.30	31.80	32.26	27.83	31.73	34.18	31.36	24.01
40	28.41	31.90	32.35	27.94	31.88	34.29	31.47	24.05
41	28.52	31.98	32.44	28.04	32.01	34.40	31.57	24.09
42	28.63	32.07	32.52	28.14	32.14	34.51	31.68	24.13
43	28.73	32.16	32.60	28.24	32.27	34.61	31.77	24.17
44	28.84	32.26	32.68	28.34	32.39	34.71	31.87	24.20
45	28.94	32.33	32.74	28.44	32.52	34.78	31.95	24.24
46	29.05	32.39	32.78	28.53	32.63	34.83	32.04	24.28
47	29.15	32.44	32.82	28.63	32.74	34.91	32.12	24.32
48	29.25	32.51	32.89	28.72	32.83	34.99	32.20	24.36
49	29.35	32.59	32.95	28.80	32.94	35.08	32.27	24.40
50	29.43	32.66	33.02	28.89	33.04	35.17	32.34	24.45
51	29.52	32.74	33.09	28.98	33.15	35.27	32.41	24.48
52	29.62	32.81	33.16	29.06	33.26	35.36	32.49	24.52
53	29.71	32.89	33.23	29.15	33.35	35.44	32.56	24.56
54	29.80	32.96	33.29	29.23	33.46	35.53	32.62	24.61
55	29.89	33.04	33.35	29.31	33.55	35.61	32.69	24.65
56	29.97	33.11	33.42	29.40	33.65	35.69	32.76	24.68
57	30.06	33.19	33.48	29.48	33.75	35.77	32.82	24.72
58	30.15	33.26	33.54	29.56	33.83	35.85	32.89	24.77
59	30.24	33.33	33.60	29.64	33.93	35.92	32.95	24.82
60	30.33	33.39	33.67	29.71	34.02	36.00	33.01	24.85
61	30.41	33.46	33.73	29.79	34.10	36.07	33.07	24.90
62	30.49	33.53	33.78	29.87	34.18	36.14	33.14	24.94
63	30.58	33.60	33.83	29.94	34.28	36.21	33.19	24.98
64	30.66	33.66	33.89	30.02	34.35	36.28	33.25	25.02
65	30.74	33.73	33.95	30.09	34.44	36.34	33.31	25.06
66	30.82	33.79	34.00	30.16	34.52	36.41	33.37	25.11
67	30.90	33.86	34.04	30.22	34.58	36.47	33.41	25.14
68	30.98	33.91	34.09	30.30	34.67	36.53	33.45	25.18
69	31.06	33.98	34.15	30.37	34.74	36.59	33.51	25.22
70	31.13	34.03	34.20	30.44	34.81	36.66	33.56	25.26
71	31.20	34.09	34.25	30.50	34.89	36.71	33.61	25.30
72	31.28	34.15	34.30	30.57	34.96	36.77	33.67	25.35
73	31.35	34.21	34.35	30.63	35.03	36.83	33.72	25.38
74	31.43	34.26	34.40	30.70	35.10	36.88	33.76	25.42
75	31.50	34.31	34.45	30.76	35.16	36.94	33.81	25.46
76	31.57	34.37	34.49	30.82	35.23	36.99	33.86	25.51
77	31.64	34.42	34.53	30.89	35.30	37.04	33.90	25.54
78	31.71	34.48	34.58	30.95	35.36	37.09	33.95	25.59
79	31.78	34.53	34.62	31.01	35.42	37.15	33.99	25.62
80	31.85	34.58	34.66	31.07	35.48	37.20	34.04	25.67
81	31.91	34.63	34.71	31.13	35.54	37.24	34.08	25.70
82	31.98	34.68	34.75	31.19	35.60	37.30	34.12	25.74
83	32.04	34.73	34.79	31.24	35.66	37.34	34.16	25.78
84	32.10	34.78	34.84	31.30	35.71	37.39	34.20	25.82
85	32.17	34.83	34.88	31.36	35.77	37.43	34.23	25.86
86	32.23	34.88	34.92	31.41	35.83	37.48	34.27	25.90
87	32.30	34.93	34.96	31.46	35.88	37.52	34.32	25.93
88	32.35	34.97	35.00	31.52	35.93	37.56	34.35	25.97
89	32.42	35.02	35.03	31.57	35.98	37.61	34.39	26.01
90	32.48	35.07	35.07	31.63	36.04	37.65	34.43	26.04
91	32.54	35.11	35.11	31.68	36.09	37.69	34.46	26.09
92	32.60	35.15	35.15	31.72	36.14	37.74	34.50	26.12
93	32.66	35.20	35.19	31.77	36.19	37.78	34.53	26.16
94	32.71	35.25	35.22	31.83	36.24	37.82	34.57	26.20
95	32.77	35.29	35.26	31.87	36.29	37.85	34.60	26.23
96	32.83	35.33	35.29	31.92	36.34	37.89	34.64	26.27
97	32.88	35.37	35.33	31.97	36.39	37.94	34.67	26.31
98	32.94	35.41	35.37	32.01	36.43	37.97	34.70	26.34
99	32.99	35.46	35.40	32.06	36.48	38.01	34.74	26.38
100	33.05	35.50	35.44	32.11	36.52	38.05	34.77	26.41
101	33.10	35.54	35.47	32.16	36.56	38.08	34.80	26.45
102	33.15	35.58	35.50	32.20	36.61	38.11	34.83	26.48
103	33.21	35.56	35.45	32.25	36.65	38.01	34.86	26.51
104	33.26	35.44	35.27	32.29	36.66	37.76	34.87	26.56
105	33.30	35.25	35.03	32.32	36.65	37.44	34.86	26.59
106	33.33	35.02	34.74	32.35	36.60	37.10	34.81	26.63
107	33.35	34.77	34.45	32.35	36.51	36.78	34.74	26.66
108	33.35	34.51	34.14	32.34	36.41	36.46	34.63	26.70
109	33.34	34.27	33.86	32.32	36.29	36.16	34.51	26.72
110	33.32	34.02	33.57	32.28	36.16	35.88	34.38	26.75
111	33.28	33.79	33.30	32.23	36.01	35.61	34.22	26.79
112	33.23	33.57	33.05	32.17	35.86	35.36	34.06	26.83
113	33.18	33.35	32.81	32.10	35.71	35.13	33.90	26.85
114	33.11	33.16	32.58	32.03	35.56	34.90	33.73	26.89
115	33.05	32.97	32.37	31.95	35.40	34.69	33.56	26.92
116	32.98	32.79	32.17	31.87	35.24	34.49	33.40	26.94
117	32.90	32.63	31.98	31.79	35.08	34.30	33.23	26.97
118	32.83	32.45	31.78	31.69	34.89	34.08	33.04	26.99
119	32.76	32.30	31.62	31.60	34.75	33.91	32.89	27.02
120	32.68	32.16	31.46	31.50	34.60	33.75	32.74	27.05
121	32.59	32.02	31.30	31.41	34.45	33.59	32.59	27.07
122	32.51	31.89	31.16	31.31	34.30	33.44	32.44	27.09
123	32.43	31.76	31.03	31.23	34.15	33.29	32.30	27.11
124	32.35	31.64	30.90	31.14	34.01	33.14	32.16	27.13
125	32.27	31.53	30.78	31.05	33.86	33.00	32.02	27.15
126	32.19	31.42	30.66	30.97	33.71	32.86	31.89	27.17
127	32.10	31.31	30.55	30.88	33.57	32.73	31.76	27.19
128	32.03	31.22	30.44	30.79	33.43	32.61	31.64	27.20
129	31.96	31.13	30.34	30.71	33.30	32.48	31.52	27.21
130	31.87	31.04	30.26	30.62	33.17	32.36	31.40	27.22
131	31.80	30.95	30.17	30.54	33.04	32.25	31.29	27.23
132	31.72	30.87	30.08	30.45	32.91	32.14	31.18	27.24
133	31.65	30.79	30.00	30.38	32.79	32.03	31.08	27.24
134	31.57	30.72	29.93	30.30	32.67	31.92	30.99	27.25
135	31.50	30.64	29.85	30.23	32.55	31.82	30.89	27.26
136	31.43	30.57	29.78	30.15	32.43	31.73	30.80	27.26
137	31.36	30.50	29.71	30.08	32.32	31.63	30.71	27.26
138	31.28	30.43	29.65	30.01	32.22	31.54	30.63	27.27
139	31.22	30.38	29.59	29.94	32.11	31.45	30.55	27.26
140	31.15	30.32	29.54	29.88	32.00	31.37	30.46	27.26
141	31.08	30.26	29.48	29.81	31.90	31.29	30.40	27.26
142	31.02	30.20	29.43	29.74	31.81	31.21	30.32	27.26
143	30.95	30.15	29.38	29.68	31.71	31.13	30.25	27.25
144	30.89	30.10	29.34	29.62	31.62	31.06	30.18	27.25
145	30.82	30.04	29.29	29.56	31.53	30.99	30.12	27.25
146	30.76	30.00	29.25	29.50	31.44	30.92	30.06	27.24
147	30.70	29.95	29.21	29.45	31.35	30.85	30.00	27.24
148	30.65	29.91	29.17	29.40	31.27	30.79	29.94	27.23
149	30.58	29.86	29.13	29.34	31.19	30.72	29.89	27.23
150	30.53	29.82	29.10	29.28	31.11	30.67	29.83	27.22
151	30.47	29.78	29.06	29.23	31.04	30.61	29.78	27.21
152	30.42	29.74	29.03	29.18	30.96	30.55	29.73	27.20
153	30.36	29.70	28.99	29.13	30.89	30.50	29.69	27.19
154	30.31	29.66	28.97	29.08	30.81	30.45	29.65	27.19
155	30.26	29.63	28.94	29.03	30.75	30.40	29.61	27.18
156	30.20	29.59	28.91	28.99	30.69	30.34	29.57	27.17
157	30.16	29.55	28.89	28.94	30.62	30.30	29.53	27.16
158	30.10	29.53	28.86	28.90	30.55	30.25	29.49	27.15
159	30.05	29.49	28.84	28.86	30.50	30.21	29.45	27.15
160	30.00	29.46	28.81	28.82	30.44	30.17	29.42	27.13
161	29.96	29.43	28.79	28.78	30.38	30.13	29.39	27.12
162	29.91	29.40	28.77	28.73	30.33	30.08	29.35	27.12
163	29.87	29.38	28.75	28.70	30.27	30.05	29.32	27.11
164	29.83	29.35	28.73	28.66	30.22	30.01	29.29	27.10
165	29.78	29.32	28.71	28.62	30.17	29.98	29.27	27.09
166	29.75	29.30	28.70	28.58	30.12	29.94	29.24	27.08
167	29.70	29.27	28.68	28.55	30.07	29.91	29.22	27.07
168	29.65	29.25	28.66	28.51	30.03	29.88	29.19	27.06
169	29.62	29.22	28.64	28.48	29.99	29.85	29.17	27.05
170	29.58	29.20	28.63	28.45	29.95	29.82	29.14	27.04
171	29.54	29.17	28.62	28.42	29.90	29.79	29.12	27.03
172	29.51	29.15	28.60	28.39	29.86	29.76	29.10	27.02
173	29.47	29.13	28.59	28.36	29.82	29.73	29.08	27.01
174	29.43	29.11	28.58	28.32	29.78	29.71	29.07	27.00
175	29.40	29.09	28.56	28.30	29.74	29.69	29.04	26.99
176	29.37	29.08	28.55	28.27	29.71	29.67	29.03	26.98
177	29.33	29.06	28.54	28.25	29.68	29.64	29.01	26.98
178	29.30	29.03	28.53	28.23	29.65	29.62	28.99	26.97
179	29.27	29.02	28.52	28.20	29.61	29.60	28.98	26.96
180	29.23	29.00	28.51	28.18	29.58	29.58	28.97	26.95
181	29.20	28.99	28.50	28.14	29.55	29.56	28.95	26.94
182	29.17	28.97	28.49	28.12	29.52	29.54	28.94	26.94
183	29.14	28.96	28.49	28.10	29.49	29.53	28.92	26.92
184	29.11	28.94	28.48	28.08	29.47	29.51	28.92	26.92
185	29.08	28.92	28.47	28.06	29.44	29.50	28.91	26.91
186	29.06	28.91	28.46	28.04	29.42	29.48	28.90	26.90
187	29.03	28.90	28.45	28.02	29.39	29.46	28.89	26.89
188	29.01	28.88	28.45	28.00	29.37	29.45	28.88	26.89
189	28.98	28.87	28.44	27.98	29.35	29.44	28.87	26.88
190	28.96	28.86	28.44	27.96	29.32	29.42	28.86	26.87
191	28.93	28.85	28.44	27.94	29.30	29.41	28.85	26.87
192	28.91	28.84	28.43	27.93	29.28	29.40	28.85	26.85
193	28.88	28.83	28.42	27.91	29.26	29.39	28.84	26.85
194	28.86	28.81	28.43	27.89	29.24	29.38	28.83	26.84
195	28.84	28.81	28.42	27.88	29.22	29.37	28.83	26.83
196	28.82	28.80	28.41	27.87	29.21	29.36	28.82	26.83
197	28.79	28.79	28.41	27.85	29.19	29.35	28.82	26.82
198	28.77	28.78	28.41	27.84	29.17	29.34	28.81	26.82
199	28.76	28.77	28.40	27.82	29.16	29.32	28.81	26.81
200	28.73	28.76	28.40	27.81	29.15	29.32	28.80	26.80
201	28.71	28.75	28.40	27.79	29.13	29.32	28.79	26.80
202	28.69	28.74	28.39	27.77	29.11	29.31	28.78	26.79
203	28.68	28.77	28.45	27.77	29.10	29.41	28.79	26.78
204	28.66	28.91	28.63	27.76	29.10	29.69	28.80	26.78
205	28.64	29.11	28.90	27.75	29.15	30.07	28.84	26.77
206	28.64	29.38	29.21	27.76	29.24	30.47	28.91	26.77
207	28.65	29.66	29.54	27.78	29.35	30.87	29.02	26.76
208	28.69	29.95	29.88	27.82	29.50	31.24	29.18	26.76
209	28.72	30.24	30.21	27.88	29.66	31.59	29.33	26.76
210	28.78	30.52	30.52	27.94	29.84	31.94	29.51	26.76
211	28.85	30.79	30.83	28.02	30.02	32.25	29.70	26.75
212	28.93	31.06	31.13	28.11	30.21	32.55	29.91	26.75
213	29.01	31.31	31.41	28.21	30.40	32.83	30.12	26.74
214	29.11	31.55	31.68	28.31	30.60	33.11	30.34	26.74
215	29.21	31.78	31.94	28.42	30.81	33.37	30.54	26.74
216	29.31	32.00	32.19	28.53	31.00	33.62	30.76	26.74
217	29.42	32.21	32.42	28.65	31.21	33.85	30.97	26.74
218	29.53	32.42	32.65	28.76	31.41	34.09	31.18	26.74
219	29.64	32.60	32.85	28.89	31.61	34.30	31.38	26.74
220	29.75	32.79	33.05	29.01	31.81	34.51	31.58	26.75
221	29.87	32.97	33.24	29.13	32.00	34.72	31.79	26.76
222	29.98	33.14	33.43	29.25	32.19	34.91	31.98	26.77
223	30.10	33.30	33.60	29.38	32.39	35.10	32.17	26.78
224	30.21	33.46	33.77	29.50	32.57	35.28	32.34	26.78
225	30.33	33.61	33.92	29.61	32.75	35.46	32.52	26.79
226	30.44	33.75	34.08	29.73	32.93	35.63	32.69	26.81
227	30.55	33.88	34.22	29.85	33.11	35.79	32.87	26.82
228	30.67	34.02	34.36	29.97	33.28	35.95	33.02	26.84
229	30.78	34.15	34.49	30.09	33.46	36.11	33.18	26.86
230	30.89	34.28	34.62	30.21	33.63	36.26	33.33	26.88
231	31.01	34.40	34.74	30.32	33.79	36.41	33.48	26.89
232	31.12	34.52	34.85	30.42	33.95	36.55	33.61	26.92
233	31.22	34.63	34.97	30.53	34.12	36.68	33.75	26.93
234	31.34	34.75	35.08	30.65	34.27	36.82	33.88	26.96
235	31.44	34.85	35.18	30.75	34.42	36.96	34.02	26.98
236	31.55	34.95	35.28	30.86	34.57	37.08	34.14	27.02
237	31.65	35.05	35.38	30.97	34.71	37.20	34.26	27.04
238	31.76	35.15	35.43	31.05	34.85	37.32	34.34	27.06
239	31.87	35.25	35.54	31.16	34.99	37.43	34.47	27.09
240	31.97	35.34	35.64	31.27	35.13	37.55	34.59	27.12
241	32.07	35.43	35.73	31.37	35.26	37.65	34.69	27.16
242	32.16	35.52	35.81	31.47	35.39	37.76	34.80	27.19
243	32.27	35.61	35.89	31.56	35.52	37.87	34.90	27.22
244	32.37	35.69	35.97	31.66	35.64	37.98	34.99	27.25
245	32.46	35.77	36.04	31.75	35.76	38.08	35.08	27.29
246	32.56	35.85	36.11	31.84	35.88	38.16	35.17	27.33
247	32.65	35.92	36.19	31.93	36.00	38.26	35.26	27.36
248	32.74	36.00	36.26	32.02	36.11	38.36	35.34	27.39
249	32.83	36.08	36.32	32.11	36.22	38.44	35.43	27.43
250	32.92	36.15	36.39	32.19	36.33	38.53	35.50	27.47
251	33.01	36.22	36.46	32.28	36.44	38.61	35.58	27.50
252	33.10	36.29	36.52	32.35	36.54	38.70	35.65	27.53
253	33.19	36.36	36.58	32.44	36.64	38.78	35.72	27.57
254	33.27	36.43	36.63	32.52	36.74	38.86	35.79	27.61
255	33.36	36.50	36.69	32.59	36.83	38.93	35.86	27.65
256	33.44	36.56	36.75	32.68	36.93	39.01	35.93	27.69
257	33.52	36.63	36.80	32.75	37.02	39.09	36.00	27.72
258	33.60	36.69	36.86	32.82	37.11	39.15	36.06	27.76
259	33.69	36.75	36.91	32.89	37.19	39.22	36.12	27.79
260	33.76	36.81	36.97	32.97	37.29	39.29	36.19	27.83
261	33.84	36.87	37.01	33.04	37.37	39.36	36.24	27.87
262	33.92	36.93	37.07	33.11	37.45	39.43	36.30	27.91
263	34.00	36.99	37.12	33.18	37.53	39.49	36.35	27.95
264	34.07	37.05	37.16	33.24	37.61	39.55	36.41	27.98
265	34.15	37.11	37.21	33.31	37.69	39.62	36.46	28.02
266	34.22	37.16	37.26	33.38	37.77	39.67	36.51	28.06
267	34.29	37.21	37.31	33.44	37.84	39.73	36.56	28.10
268	34.36	37.26	37.35	33.51	37.91	39.79	36.61	28.14
269	34.43	37.32	37.39	33.56	37.98	39.85	36.66	28.17
270	34.50	37.37	37.43	33.63	38.04	39.90	36.71	28.21
271	34.57	37.42	37.47	33.69	38.11	39.96	36.75	28.25
272	34.63	37.47	37.51	33.75	38.18	40.01	36.80	28.28
273	34.70	37.52	37.56	33.81	38.24	40.06	36.84	28.32
274	34.77	37.57	37.60	33.86	38.31	40.11	36.89	28.36
275	34.83	37.62	37.63	33.92	38.37	40.16	36.93	28.39
276	34.90	37.67	37.67	33.98	38.44	40.21	36.97	28.43
277	34.96	37.71	37.72	34.03	38.49	40.25	37.01	28.46
278	35.02	37.76	37.75	34.08	38.55	40.30	37.05	28.50
279	35.08	37.80	37.79	34.13	38.61	40.34	37.09	28.54
280	35.14	37.85	37.83	34.18	38.66	40.39	37.13	28.57
281	35.20	37.90	37.86	34.24	38.72	40.43	37.17	28.61
282	35.26	37.94	37.90	34.28	38.77	40.47	37.21	28.64
283	35.32	37.97	37.93	34.33	38.82	40.52	37.24	28.68
284	35.38	38.02	37.96	34.37	38.87	40.56	37.28	28.72
285	35.43	38.06	37.99	34.42	38.92	40.60	37.32	28.75
286	35.49	38.10	38.02	34.46	38.98	40.64	37.34	28.79
287	35.55	38.14	38.06	34.51	39.02	40.67	37.38	28.82
288	35.60	38.18	38.08	34.56	39.07	40.71	37.40	28.85
289	35.65	38.21	38.11	34.60	39.12	40.74	37.43	28.88
290	35.71	38.25	38.15	34.64	39.16	40.78	37.47	28.92
291	35.76	38.30	38.17	34.68	39.20	40.81	37.50	28.95
292	35.81	38.33	38.20	34.73	39.25	40.85	37.53	28.98
293	35.86	38.37	38.23	34.77	39.30	40.88	37.56	29.02
294	35.91	38.40	38.26	34.81	39.34	40.91	37.58	29.05
295	35.96	38.44	38.29	34.85	39.38	40.95	37.62	29.08
296	36.01	38.47	38.31	34.89	39.42	40.99	37.64	29.11
297	36.05	38.51	38.34	34.93	39.46	41.01	37.67	29.15
298	36.11	38.54	38.36	34.97	39.50	41.04	37.70	29.18
299	36.15	38.58	38.39	35.01	39.54	41.08	37.72	29.21
300	36.19	38.61	38.42	35.05	39.58	41.11	37.75	29.24
301	36.24	38.65	38.44	35.09	39.61	41.14	37.78	29.27
302	36.29	38.68	38.47	35.12	39.65	41.16	37.80	29.31
303	36.33	38.71	38.50	35.16	39.68	41.19	37.83	29.33
304	36.38	38.74	38.52	35.20	39.72	41.22	37.86	29.36
305	36.42	38.77	38.55	35.24	39.75	41.25	37.87	29.40
306	36.46	38.81	38.57	35.27	39.79	41.27	37.90	29.42
307	36.51	38.84	38.59	35.31	39.82	41.30	37.92	29.46
308	36.55	38.87	38.62	35.34	39.86	41.33	37.95	29.49
309	36.59	38.90	38.64	35.38	39.89	41.35	37.97	29.52
310	36.63	38.93	38.66	35.41	39.92	41.38	37.99	29.54
311	36.67	38.94	38.65	35.44	39.95	41.35	38.01	29.57
312	36.71	38.86	38.52	35.47	39.97	41.15	38.03	29.61
313	36.75	38.68	38.29	35.50	39.96	40.84	38.02	29.64
314	36.77	38.46	38.01	35.52	39.92	40.49	37.99	29.67
315	36.79	38.20	37.70	35.52	39.84	40.16	37.91	29.70
316	36.79	37.94	37.38	35.50	39.73	39.82	37.81	29.73
317	36.77	37.68	37.08	35.48	39.60	39.50	37.69	29.76
318	36.73	37.42	36.78	35.43	39.46	39.20	37.55	29.78
319	36.69	37.17	36.50	35.38	39.31	38.92	37.39	29.81
320	36.64	36.93	36.23	35.32	39.16	38.66	37.23	29.84
321	36.57	36.71	35.96	35.24	38.99	38.40	37.06	29.87
322	36.50	36.49	35.71	35.15	38.83	38.16	36.88	29.89
323	36.43	36.29	35.49	35.07	38.66	37.93	36.71	29.92
324	36.35	36.09	35.27	34.99	38.50	37.72	36.53	29.95
325	36.27	35.90	35.03	34.87	38.31	37.50	36.34	29.96
326	36.18	35.73	34.85	34.79	38.15	37.30	36.17	29.98
327	36.09	35.57	34.67	34.69	37.99	37.12	36.00	30.01
328	36.01	35.41	34.50	34.60	37.82	36.93	35.83	30.03
329	35.92	35.26	34.34	34.50	37.66	36.76	35.67	30.04
330	35.83	35.12	34.18	34.40	37.49	36.59	35.51	30.07
331	35.73	34.99	34.01	34.29	37.33	36.43	35.34	30.07
332	35.65	34.86	33.88	34.20	37.18	36.27	35.18	30.08
333	35.56	34.73	33.76	34.11	37.02	36.12	35.03	30.10
334	35.47	34.61	33.64	34.02	36.87	35.96	34.89	30.12
335	35.39	34.51	33.53	33.93	36.72	35.82	34.76	30.13
336	35.29	34.40	33.41	33.83	36.57	35.69	34.62	30.13
337	35.21	34.29	33.31	33.74	36.43	35.56	34.49	30.14
338	35.12	34.19	33.21	33.65	36.29	35.44	34.37	30.15
339	35.03	34.09	33.11	33.56	36.15	35.31	34.25	30.15
340	34.94	34.01	33.02	33.47	36.01	35.19	34.14	30.15
341	34.86	33.92	32.92	33.39	35.88	35.07	34.02	30.15
342	34.77	33.83	32.84	33.30	35.75	34.96	33.91	30.16
343	34.69	33.75	32.76	33.22	35.63	34.86	33.81	30.15
344	34.60	33.67	32.68	33.14	35.51	34.75	33.71	30.16
345	34.53	33.59	32.61	33.06	35.38	34.65	33.62	30.15
346	34.45	33.52	32.55	32.98	35.26	34.55	33.53	30.15
347	34.37	33.45	32.48	32.90	35.15	34.45	33.44	30.14
348	34.29	33.38	32.41	32.82	35.03	34.37	33.35	30.14
349	34.21	33.33	32.34	32.75	34.92	34.27	33.27	30.13
350	34.14	33.25	32.29	32.68	34.82	34.18	33.19	30.13
351	34.07	33.19	32.23	32.60	34.71	34.10	33.11	30.12
352	33.99	33.13	32.17	32.53	34.61	34.02	33.04	30.11
353	33.92	33.07	32.11	32.46	34.51	33.94	32.96	30.10
354	33.85	33.01	32.06	32.39	34.42	33.86	32.89	30.09
355	33.78	32.95	32.01	32.33	34.32	33.79	32.82	30.08
356	33.71	32.90	31.96	32.25	34.23	33.72	32.76	30.06
357	33.63	32.85	31.92	32.20	34.14	33.64	32.70	30.05
358	33.57	32.80	31.88	32.13	34.05	33.58	32.64	30.04
359	33.51	32.74	31.83	32.07	33.97	33.51	32.58	30.02
360	33.44	32.70	31.79	32.02	33.89	33.44	32.52	30.01
361	33.38	32.65	31.75	31.96	33.81	33.38	32.47	30.00
362	33.32	32.61	31.71	31.90	33.73	33.32	32.41	29.98
363	33.25	32.56	31.67	31.84	33.65	33.26	32.36	29.97
364	33.20	32.52	31.64	31.79	33.57	33.20	32.31	29.96
365	33.14	32.47	31.61	31.73	33.50	33.14	32.27	29.94
366	33.08	32.43	31.57	31.68	33.43	33.09	32.23	29.93
367	33.02	32.39	31.54	31.63	33.37	33.04	32.19	29.92
368	32.96	32.35	31.51	31.57	33.29	32.99	32.14	29.90
369	32.91	32.31	31.48	31.53	33.23	32.94	32.10	29.89
370	32.85	32.28	31.45	31.48	33.16	32.89	32.06	29.87
371	32.80	32.24	31.43	31.43	33.10	32.85	32.03	29.86
372	32.75	32.20	31.40	31.38	33.04	32.81	32.00	29.84
373	32.69	32.16	31.37	31.34	32.99	32.76	31.97	29.83
374	32.64	32.13	31.35	31.29	32.92	32.72	31.93	29.81
375	32.60	32.10	31.32	31.25	32.87	32.68	31.90	29.80
376	32.55	32.06	31.30	31.21	32.81	32.63	31.87	29.78
377	32.50	32.03	31.26	31.16	32.76	32.59	31.83	29.76
378	32.45	32.00	31.25	31.12	32.70	32.55	31.80	29.74
379	32.40	31.97	31.23	31.08	32.65	32.51	31.77	29.73
380	32.36	31.94	31.21	31.05	32.61	32.48	31.75	29.72
381	32.31	31.91	31.19	31.01	32.57	32.45	31.72	29.71
382	32.26	31.88	31.17	30.97	32.52	32.41	31.70	29.69
383	32.22	31.85	31.15	30.94	32.47	32.38	31.68	29.68
384	32.17	31.83	31.13	30.90	32.42	32.35	31.66	29.66
385	32.13	31.80	31.12	30.87	32.38	32.32	31.64	29.65
386	32.09	31.77	31.09	30.83	32.34	32.28	31.61	29.64
387	32.05	31.74	31.08	30.80	32.29	32.26	31.59	29.63
388	32.01	31.71	31.06	30.77	32.26	32.23	31.57	29.62
389	31.97	31.69	31.05	30.74	32.22	32.20	31.55	29.59
390	31.93	31.67	31.03	30.71	32.19	32.18	31.53	29.59
391	31.89	31.65	31.02	30.68	32.14	32.15	31.51	29.58
392	31.86	31.62	30.99	30.65	32.11	32.12	31.49	29.56
393	31.82	31.59	30.98	30.62	32.07	32.10	31.48	29.54
394	31.79	31.57	30.97	30.59	32.04	32.07	31.47	29.53
395	31.75	31.55	30.95	30.55	32.01	32.05	31.45	29.52
396	31.72	31.53	30.94	30.53	31.98	32.02	31.43	29.50
397	31.68	31.51	30.93	30.50	31.94	32.01	31.42	29.49
398	31.65	31.49	30.92	30.48	31.92	31.98	31.40	29.48
399	31.62	31.47	30.90	30.45	31.88	31.97	31.39	29.46
400	31.58	31.45	30.89	30.43	31.86	31.94	31.37	29.46
401	31.55	31.43	30.88	30.40	31.83	31.93	31.36	29.45
402	31.52	31.41	30.87	30.38	31.80	31.92	31.35	29.43
403	31.48	31.47	30.96	30.36	31.78	32.07	31.34	29.42
404	31.46	31.61	31.16	30.33	31.78	32.39	31.35	29.40
405	31.43	31.83	31.43	30.32	31.82	32.76	31.39	29.40
406	31.42	32.09	31.75	30.32	31.91	33.14	31.47	29.38
407	31.43	32.37	32.07	30.34	32.02	33.51	31.58	29.37
408	31.45	32.64	32.39	30.37	32.16	33.88	31.72	29.36
409	31.49	32.92	32.69	30.40	32.32	34.22	31.86	29.35
410	31.53	33.19	32.99	30.46	32.48	34.54	32.04	29.33
411	31.60	33.45	33.30	30.54	32.66	34.85	32.23	29.32
412	31.67	33.71	33.59	30.62	32.84	35.13	32.43	29.32
413	31.74	33.94	33.86	30.72	33.03	35.40	32.64	29.31
414	31.83	34.17	34.12	30.81	33.21	35.66	32.84	29.30
415	31.92	34.39	34.37	30.91	33.40	35.90	33.05	29.30
416	32.01	34.60	34.60	31.02	33.59	36.13	33.25	29.29
417	32.11	34.80	34.82	31.13	33.79	36.36	33.46	29.29
418	32.21	34.99	35.04	31.24	33.97	36.58	33.66	29.29
419	32.31	35.17	35.24	31.34	34.16	36.78	33.86	29.28
420	32.41	35.35	35.42	31.45	34.34	36.98	34.06	29.28
421	32.52	35.51	35.60	31.57	34.52	37.17	34.24	29.28
422	32.62	35.66	35.77	31.67	34.71	37.35	34.42	29.28
423	32.73	35.81	35.93	31.79	34.89	37.53	34.60	29.28
424	32.83	35.96	36.09	31.90	35.06	37.70	34.77	29.29
425	32.94	36.10	36.24	32.02	35.23	37.87	34.94	29.30
426	33.04	36.23	36.38	32.12	35.41	38.03	35.11	29.30
427	33.14	36.36	36.52	32.24	35.58	38.19	35.27	29.32
428	33.25	36.49	36.65	32.34	35.74	38.34	35.42	29.32
429	33.35	36.61	36.77	32.45	35.90	38.48	35.57	29.34
430	33.46	36.72	36.89	32.56	36.05	38.62	35.71	29.35
431	33.56	36.83	37.00	32.67	36.21	38.76	35.85	29.36
432	33.66	36.94	37.12	32.77	36.36	38.89	35.98	29.38
433	33.76	37.04	37.21	32.86	36.51	39.02	36.11	29.40
434	33.86	37.15	37.32	32.97	36.65	39.15	36.24	29.41
435	33.96	37.24	37.41	33.07	36.79	39.27	36.36	29.44
436	34.05	37.33	37.51	33.17	36.93	39.38	36.47	29.46
437	34.15	37.43	37.59	33.26	37.07	39.50	36.58	29.48
438	34.24	37.52	37.68	33.36	37.20	39.61	36.69	29.50
439	34.34	37.60	37.76	33.45	37.33	39.72	36.80	29.53
440	34.43	37.69	37.84	33.54	37.46	39.83	36.90	29.55
441	34.52	37.77	37.92	33.63	37.58	39.92	37.00	29.58
442	34.61	37.85	38.00	33.73	37.70	40.03	37.09	29.61
443	34.71	37.93	38.07	33.81	37.82	40.13	37.18	29.63
444	34.79	38.00	38.14	33.90	37.94	40.22	37.28	29.66
445	34.88	38.08	38.21	33.98	38.05	40.31	37.36	29.68
446	34.97	38.15	38.28	34.07	38.16	40.40	37.44	29.71
447	35.05	38.22	38.35	34.14	38.26	40.48	37.52	29.74
448	35.13	38.29	38.41	34.22	38.35	40.56	37.60	29.77
449	35.22	38.36	38.47	34.31	38.46	40.65	37.69	29.80
450	35.30	38.42	38.53	34.38	38.57	40.72	37.75	29.84
451	35.38	38.49	38.59	34.46	38.66	40.80	37.82	29.86
452	35.46	38.56	38.64	34.54	38.76	40.88	37.89	29.90
453	35.54	38.62	38.70	34.61	38.85	40.96	37.96	29.93
454	35.62	38.68	38.75	34.68	38.94	41.04	38.03	29.96
455	35.69	38.74	38.81	34.75	39.03	41.10	38.09	29.99
456	35.77	38.80	38.85	34.82	39.12	41.17	38.15	30.02
457	35.84	38.86	38.90	34.89	39.21	41.24	38.21	30.05
458	35.91	38.91	38.95	34.96	39.29	41.30	38.27	30.09
459	35.98	38.96	39.00	35.03	39.37	41.36	38.32	30.12
460	36.05	39.02	39.05	35.09	39.44	41.43	38.38	30.16
461	36.13	39.07	39.09	35.15	39.52	41.49	38.43	30.18
462	36.20	39.13	39.14	35.22	39.60	41.55	38.48	30.22
463	36.27	39.18	39.18	35.28	39.67	41.60	38.53	30.25
464	36.33	39.23	39.22	35.34	39.75	41.66	38.58	30.28
465	36.41	39.28	39.26	35.40	39.82	41.72	38.63	30.31
466	36.47	39.33	39.30	35.46	39.88	41.77	38.68	30.35
467	36.53	39.38	39.34	35.52	39.95	41.82	38.72	30.38
468	36.59	39.43	39.38	35.58	40.02	41.87	38.76	30.41
469	36.66	39.47	39.42	35.63	40.09	41.92	38.80	30.44
470	36.72	39.52	39.46	35.69	40.15	41.97	38.85	30.47
471	36.78	39.56	39.50	35.74	40.21	42.02	38.89	30.51
472	36.84	39.61	39.53	35.79	40.27	42.07	38.93	30.54
473	36.90	39.65	39.57	35.84	40.33	42.11	38.97	30.57
474	36.96	39.69	39.61	35.90	40.39	42.16	39.00	30.60
475	37.02	39.73	39.64	35.94	40.44	42.20	39.04	30.64
476	37.08	39.78	39.67	36.00	40.50	42.25	39.08	30.67
477	37.13	39.82	39.70	36.04	40.55	42.29	39.12	30.70
478	37.18	39.86	39.73	36.09	40.61	42.33	39.15	30.73
479	37.24	39.89	39.77	36.13	40.66	42.37	39.19	30.77
480	37.29	39.93	39.80	36.19	40.71	42.41	39.22	30.79
481	37.34	39.98	39.82	36.23	40.76	42.45	39.25	30.82
482	37.40	40.01	39.86	36.28	40.81	42.48	39.28	30.86
483	37.45	40.05	39.89	36.32	40.85	42.52	39.32	30.88
484	37.50	40.09	39.92	36.36	40.90	42.56	39.35	30.92
485	37.55	40.12	39.95	36.41	40.95	42.59	39.37	30.95
486	37.60	40.16	39.97	36.45	40.99	42.63	39.41	30.98
487	37.65	40.20	40.01	36.49	41.03	42.66	39.44	31.00
488	37.70	40.23	40.03	36.53	41.07	42.69	39.46	31.03
489	37.74	40.26	40.06	36.57	41.12	42.73	39.49	31.07
490	37.79	40.30	40.08	36.61	41.16	42.76	39.52	31.09
491	37.84	40.33	40.11	36.65	41.19	42.79	39.54	31.12
492	37.89	40.36	40.14	36.69	41.24	42.82	39.57	31.15
493	37.93	40.39	40.16	36.73	41.27	42.85	39.60	31.18
494	37.97	40.42	40.18	36.77	41.31	42.88	39.62	31.21
495	38.02	40.46	40.21	36.80	41.35	42.91	39.65	31.24
496	38.06	40.48	40.23	36.84	41.38	42.94	39.67	31.26
497	38.10	40.52	40.26	36.87	41.43	42.97	39.70	31.29
498	38.14	40.55	40.28	36.91	41.46	42.99	39.73	31.32
499	38.19	40.58	40.30	36.94	41.49	43.02	39.75	31.35
500	38.23	40.61	40.33	36.97	41.52	43.04	39.77	31.38
501	38.27	40.63	40.35	37.01	41.56	43.07	39.79	31.40
502	38.31	40.66	40.37	37.04	41.59	43.10	39.82	31.43
503	38.35	40.64	40.31	37.08	41.62	42.99	39.83	31.45
504	38.39	40.52	40.14	37.10	41.63	42.74	39.84	31.48
505	38.42	40.32	39.89	37.13	41.61	42.41	39.81	31.51
506	38.44	40.08	39.59	37.14	41.54	42.07	39.76	31.53
507	38.45	39.82	39.28	37.13	41.45	41.73	39.68	31.55
508	38.44	39.55	38.97	37.12	41.34	41.40	39.57	31.58
509	38.42	39.29	38.66	37.08	41.21	41.09	39.44	31.61
510	38.38	39.03	38.37	37.03	41.07	40.80	39.29	31.63
511	38.32	38.79	38.09	36.97	40.91	40.52	39.13	31.66
512	38.27	38.55	37.82	36.89	40.75	40.26	38.96	31.68
513	38.20	38.33	37.57	36.82	40.60	40.01	38.79	31.70
514	38.13	38.11	37.33	36.73	40.43	39.77	38.61	31.73
515	38.05	37.92	37.11	36.65	40.26	39.55	38.43	31.75
516	37.97	37.73	36.89	36.55	40.10	39.34	38.26	31.77
517	37.89	37.54	36.68	36.46	39.93	39.14	38.08	31.79
518	37.80	37.37	36.49	36.36	39.76	38.94	37.91	31.81
519	37.71	37.21	36.31	36.26	39.59	38.75	37.74	31.83
520	37.61	37.05	36.14	36.17	39.43	38.57	37.57	31.84
521	37.53	36.90	35.98	36.07	39.26	38.40	37.40	31.86
522	37.43	36.76	35.83	35.97	39.11	38.23	37.24	31.88
523	37.35	36.63	35.69	35.87	38.94	38.07	37.09	31.88
524	37.25	36.50	35.56	35.78	38.79	37.92	36.94	31.89
525	37.16	36.38	35.43	35.68	38.63	37.77	36.80	31.90
526	37.07	36.26	35.30	35.59	38.48	37.62	36.65	31.91
527	36.98	36.15	35.18	35.50	38.33	37.49	36.52	31.92
528	36.89	36.05	35.08	35.40	38.18	37.35	36.39	31.92
529	36.80	35.94	34.97	35.31	38.05	37.22	36.26	31.93
530	36.72	35.84	34.87	35.22	37.90	37.10	36.13	31.93
531	36.63	35.75	34.77	35.13	37.76	36.98	36.01	31.93
532	36.54	35.66	34.68	35.04	37.63	36.86	35.90	31.93
533	36.45	35.57	34.59	34.95	37.50	36.74	35.79	31.93
534	36.37	35.49	34.51	34.87	37.37	36.63	35.68	31.93
535	36.29	35.40	34.43	34.78	37.25	36.52	35.58	31.92
536	36.21	35.33	34.36	34.70	37.12	36.42	35.48	31.92
537	36.12	35.25	34.29	34.62	37.00	36.32	35.38	31.91
538	36.04	35.18	34.22	34.54	36.88	36.22	35.29	31.90
539	35.97	35.11	34.15	34.46	36.77	36.12	35.20	31.90
540	35.88	35.04	34.09	34.39	36.66	36.03	35.12	31.89
541	35.81	34.98	34.03	34.31	36.55	35.94	35.04	31.88
542	35.73	34.91	33.97	34.23	36.44	35.85	34.96	31.87
543	35.66	34.85	33.91	34.17	36.34	35.77	34.89	31.86
544	35.59	34.79	33.86	34.09	36.24	35.69	34.81	31.85
545	35.51	34.73	33.80	34.02	36.13	35.61	34.74	31.84
546	35.44	34.67	33.75	33.96	36.04	35.53	34.67	31.82
547	35.37	34.61	33.71	33.89	35.94	35.45	34.60	31.81
548	35.30	34.56	33.65	33.82	35.85	35.38	34.53	31.80
549	35.23	34.50	33.61	33.76	35.77	35.32	34.47	31.79
550	35.16	34.46	33.57	33.70	35.68	35.25	34.41	31.77
551	35.10	34.40	33.52	33.64	35.60	35.18	34.36	31.75
552	35.03	34.35	33.48	33.58	35.51	35.12	34.30	31.74
553	34.97	34.31	33.44	33.52	35.43	35.05	34.25	31.73
554	34.91	34.25	33.40	33.46	35.35	34.99	34.20	31.71
555	34.85	34.21	33.36	33.40	35.27	34.93	34.14	31.70
556	34.78	34.17	33.33	33.35	35.20	34.87	34.10	31.68
557	34.72	34.12	33.29	33.29	35.12	34.82	34.05	31.66
558	34.66	34.08	33.26	33.24	35.05	34.76	34.01	31.64
559	34.60	34.04	33.23	33.19	34.98	34.71	33.96	31.63
560	34.54	34.00	33.20	33.14	34.92	34.66	33.92	31.62
561	34.49	33.96	33.16	33.08	34.85	34.61	33.88	31.60
562	34.43	33.92	33.13	33.03	34.78	34.56	33.84	31.58
563	34.38	33.88	33.10	32.99	34.73	34.51	33.81	31.56
564	34.33	33.84	33.07	32.94	34.67	34.46	33.77	31.55
565	34.27	33.81	33.04	32.89	34.61	34.42	33.73	31.54
566	34.22	33.77	33.02	32.85	34.55	34.37	33.70	31.52
567	34.17	33.74	32.99	32.81	34.49	34.33	33.66	31.50
568	34.12	33.71	32.96	32.76	34.44	34.29	33.63	31.48
569	34.07	33.67	32.94	32.72	34.38	34.25	33.60	31.47
570	34.02	33.64	32.91	32.68	34.33	34.21	33.57	31.45
571	33.98	33.60	32.89	32.64	34.28	34.18	33.53	31.43
572	33.92	33.57	32.87	32.60	34.23	34.14	33.51	31.42
573	33.88	33.54	32.84	32.57	34.18	34.10	33.47	31.40
574	33.83	33.52	32.81	32.53	34.14	34.07	33.45	31.37
575	33.79	33.48	32.80	32.49	34.09	34.04	33.43	31.36
576	33.74	33.46	32.77	32.45	34.05	34.00	33.40	31.34
577	33.71	33.42	32.76	32.42	34.00	33.97	33.38	31.33
578	33.66	33.39	32.74	32.38	33.96	33.94	33.35	31.31
579	33.61	33.36	32.71	32.35	33.92	33.91	33.33	31.30
580	33.57	33.34	32.70	32.31	33.88	33.88	33.31	31.28
581	33.53	33.32	32.68	32.28	33.83	33.84	33.29	31.27
582	33.50	33.28	32.66	32.25	33.79	33.82	33.26	31.25
583	33.46	33.26	32.64	32.22	33.76	33.79	33.24	31.24
584	33.42	33.23	32.62	32.19	33.72	33.77	33.22	31.22
585	33.38	33.21	32.60	32.16	33.69	33.73	33.21	31.21
586	33.35	33.18	32.59	32.13	33.65	33.71	33.18	31.19
587	33.30	33.16	32.57	32.10	33.62	33.69	33.17	31.18
588	33.27	33.14	32.56	32.07	33.58	33.66	33.15	31.16
589	33.24	33.11	32.54	32.04	33.55	33.63	33.13	31.15
590	33.20	33.09	32.53	32.01	33.53	33.62	33.11	31.14
591	33.17	33.07	32.51	31.99	33.49	33.59	33.10	31.12
592	33.13	33.05	32.49	31.96	33.46	33.57	33.08	31.10
593	33.10	33.03	32.48	31.93	33.43	33.55	33.06	31.09
594	33.07	33.01	32.47	31.91	33.41	33.53	33.05	31.08
595	33.04	32.99	32.46	31.89	33.38	33.51	33.03	31.06
596	33.00	32.96	32.44	31.86	33.35	33.49	33.02	31.05
597	32.98	32.95	32.43	31.83	33.32	33.47	33.01	31.03
598	32.94	32.93	32.42	31.81	33.30	33.45	32.99	31.03
599	32.91	32.91	32.41	31.79	33.27	33.43	32.98	31.01
600	32.89	32.89	32.39	31.77	33.24	33.42	32.96	31.00
601	32.86	32.87	32.38	31.74	33.22	33.40	32.96	30.98
602	32.83	32.85	32.37	31.73	33.20	33.40	32.94	30.97
603	32.80	32.90	32.45	31.70	33.18	33.54	32.93	30.96
604	32.77	33.05	32.65	31.69	33.19	33.85	32.95	30.95
605	32.76	33.27	32.92	31.67	33.23	34.22	32.98	30.93
606	32.74	33.53	33.24	31.68	33.32	34.60	33.05	30.92
607	32.75	33.80	33.56	31.69	33.42	34.98	33.16	30.91
608	32.77	34.08	33.88	31.73	33.56	35.34	33.30	30.90
609	32.81	34.36	34.19	31.78	33.72	35.68	33.46	30.88
610	32.86	34.63	34.50	31.84	33.89	36.01	33.64	30.88
611	32.92	34.89	34.80	31.91	34.07	36.30	33.83	30.86
612	32.99	35.14	35.08	31.99	34.24	36.59	34.02	30.86
613	33.08	35.38	35.35	32.08	34.43	36.86	34.22	30.84
614	33.17	35.61	35.61	32.18	34.61	37.12	34.42	30.83
615	33.26	35.83	35.85	32.28	34.80	37.36	34.63	30.83
616	33.35	36.03	36.09	32.38	35.00	37.60	34.83	30.82
617	33.45	36.24	36.31	32.49	35.19	37.82	35.04	30.82
618	33.55	36.42	36.52	32.60	35.38	38.04	35.24	30.81
619	33.65	36.60	36.72	32.71	35.57	38.25	35.44	30.80
620	33.76	36.78	36.88	32.82	35.75	38.44	35.62	30.79
621	33.86	36.94	37.07	32.93	35.94	38.63	35.80	30.79
622	33.97	37.10	37.24	33.05	36.11	38.81	35.98	30.79
623	34.08	37.25	37.41	33.16	36.30	38.99	36.16	30.80
624	34.18	37.40	37.56	33.28	36.47	39.16	36.34	30.80
625	34.29	37.53	37.71	33.39	36.65	39.32	36.51	30.81
626	34.39	37.66	37.85	33.49	36.82	39.48	36.66	30.81
627	34.50	37.79	37.98	33.60	36.99	39.63	36.82	30.83
628	34.60	37.92	38.11	33.71	37.15	39.78	36.97	30.83
629	34.71	38.04	38.23	33.82	37.31	39.93	37.12	30.84
630	34.81	38.15	38.35	33.92	37.47	40.07	37.26	30.86
631	34.91	38.26	38.46	34.03	37.62	40.21	37.40	30.87
632	35.01	38.37	38.57	34.13	37.77	40.33	37.53	30.89
633	35.11	38.47	38.66	34.23	37.92	40.46	37.65	30.90
634	35.21	38.57	38.77	34.33	38.06	40.58	37.77	30.92
635	35.31	38.66	38.86	34.43	38.20	40.70	37.90	30.94
636	35.41	38.76	38.94	34.53	38.34	40.82	38.01	30.95
637	35.50	38.85	39.04	34.62	38.47	40.93	38.12	30.98
638	35.60	38.93	39.12	34.72	38.61	41.05	38.23	31.00
639	35.69	39.02	39.21	34.81	38.73	41.15	38.33	31.03
640	35.78	39.10	39.28	34.90	38.86	41.25	38.43	31.05
641	35.87	39.18	39.36	34.99	38.98	41.35	38.53	31.07
642	35.96	39.26	39.43	35.08	39.10	41.45	38.62	31.10
643	36.06	39.34	39.50	35.17	39.22	41.55	38.71	31.12
644	36.14	39.41	39.57	35.25	39.33	41.64	38.79	31.14
645	36.23	39.48	39.64	35.33	39.44	41.73	38.88	31.17
646	36.31	39.56	39.70	35.42	39.55	41.82	38.96	31.20
647	36.40	39.62	39.76	35.50	39.65	41.90	39.04	31.23
648	36.48	39.69	39.83	35.58	39.76	41.98	39.11	31.25
649	36.56	39.76	39.88	35.65	39.86	42.06	39.19	31.28
650	36.64	39.82	39.94	35.73	39.96	42.15	39.26	31.31
651	36.73	39.89	39.99	35.80	40.07	42.22	39.33	31.34
652	36.81	39.95	40.05	35.88	40.16	42.29	39.39	31.37
653	36.88	40.01	40.10	35.95	40.25	42.37	39.46	31.40
654	36.96	40.07	40.16	36.02	40.33	42.44	39.52	31.43
655	37.04	40.13	40.21	36.09	40.42	42.51	39.58	31.46
656	37.11	40.19	40.26	36.16	40.51	42.57	39.64	31.49
657	37.18	40.24	40.30	36.23	40.59	42.64	39.70	31.52
658	37.25	40.30	40.35	36.30	40.68	42.70	39.75	31.55
659	37.33	40.35	40.39	36.36	40.75	42.77	39.80	31.58
660	37.40	40.41	40.43	36.42	40.83	42.82	39.86	31.61
661	37.47	40.46	40.48	36.49	40.91	42.89	39.91	31.65
662	37.54	40.50	40.52	36.55	40.98	42.95	39.96	31.68
663	37.60	40.56	40.56	36.60	41.05	43.00	40.00	31.71
664	37.67	40.60	40.61	36.67	41.12	43.06	40.06	31.74
665	37.73	40.65	40.64	36.73	41.19	43.11	40.10	31.77
666	37.80	40.70	40.68	36.78	41.26	43.17	40.14	31.80
667	37.86	40.75	40.72	36.84	41.32	43.22	40.19	31.83
668	37.93	40.80	40.76	36.90	41.39	43.27	40.23	31.86
669	37.99	40.84	40.80	36.95	41.46	43.32	40.27	31.89
670	38.05	40.89	40.83	37.00	41.51	43.36	40.31	31.92
671	38.11	40.93	40.87	37.06	41.58	43.41	40.35	31.96
672	38.17	40.97	40.90	37.11	41.64	43.45	40.39	31.98
673	38.23	41.01	40.93	37.16	41.69	43.49	40.42	32.01
674	38.28	41.05	40.97	37.21	41.75	43.54	40.46	32.04
675	38.34	41.10	41.00	37.26	41.80	43.58	40.49	32.07
676	38.40	41.13	41.03	37.31	41.85	43.62	40.53	32.10
677	38.46	41.17	41.06	37.35	41.91	43.66	40.56	32.13
678	38.51	41.21	41.10	37.40	41.96	43.70	40.59	32.17
679	38.57	41.25	41.12	37.44	42.00	43.74	40.63	32.19
680	38.61	41.28	41.15	37.49	42.06	43.78	40.66	32.22
681	38.67	41.33	41.18	37.54	42.10	43.81	40.69	32.25
682	38.72	41.36	41.21	37.58	42.16	43.84	40.72	32.28
683	38.76	41.40	41.23	37.62	42.20	43.88	40.75	32.31
684	38.82	41.43	41.26	37.66	42.24	43.91	40.78	32.33
685	38.87	41.47	41.29	37.71	42.28	43.95	40.81	32.36
686	38.92	41.50	41.31	37.75	42.33	43.98	40.83	32.40
687	38.96	41.53	41.34	37.79	42.37	44.02	40.86	32.42
688	39.01	41.57	41.36	37.83	42.41	44.05	40.89	32.44
689	39.06	41.60	41.39	37.87	42.45	44.08	40.91	32.47
690	39.10	41.64	41.42	37.91	42.49	44.11	40.93	32.50
691	39.15	41.66	41.44	37.94	42.53	44.14	40.96	32.53
692	39.19	41.69	41.46	37.98	42.57	44.17	40.99	32.56
693	39.24	41.72	41.48	38.01	42.61	44.20	41.01	32.58
694	39.28	41.76	41.51	38.05	42.64	44.22	41.03	32.61
695	39.32	41.79	41.53	38.08	42.68	44.25	41.06	32.63
696	39.36	41.81	41.55	38.12	42.71	44.27	41.08	32.66
697	39.41	41.84	41.57	38.15	42.75	44.30	41.10	32.68
698	39.45	41.87	41.60	38.18	42.78	44.32	41.12	32.71
699	39.49	41.90	41.62	38.21	42.81	44.35	41.14	32.74
700	39.53	41.93	41.64	38.25	42.84	44.38	41.16	32.76
701	39.57	41.96	41.66	38.28	42.88	44.40	41.18	32.79
702	39.61	41.98	41.68	38.31	42.91	44.42	41.21	32.82
703	39.64	41.95	41.62	38.34	42.93	44.31	41.22	32.84
704	39.68	41.82	41.43	38.37	42.95	44.04	41.22	32.86
705	39.71	41.60	41.17	38.39	42.90	43.70	41.20	32.89
706	39.73	41.35	40.87	38.40	42.82	43.33	41.12	32.91
707	39.73	41.09	40.56	38.39	42.72	42.99	41.03	32.94
708	39.72	40.83	40.25	38.37	42.61	42.67	40.92	32.96
709	39.69	40.57	39.95	38.33	42.49	42.36	40.79	32.99
710	39.66	40.32	39.65	38.29	42.34	42.08	40.64	33.01
711	39.60	40.07	39.37	38.22	42.19	41.80	40.47	33.03
712	39.54	39.84	39.10	38.15	42.03	41.54	40.31	33.05
713	39.48	39.62	38.85	38.07	41.87	41.30	40.13	33.07
714	39.40	39.41	38.61	37.98	41.71	41.06	39.96	33.09
715	39.32	39.20	38.38	37.89	41.54	40.83	39.78	33.11
716	39.24	39.01	38.16	37.80	41.37	40.62	39.60	33.13
717	39.15	38.82	37.96	37.71	41.20	40.41	39.42	33.15
718	39.06	38.65	37.77	37.60	41.03	40.22	39.24	33.16
719	38.97	38.49	37.58	37.50	40.86	40.04	39.07	33.18
720	38.88	38.33	37.41	37.41	40.70	39.86	38.90	33.19
721	38.79	38.18	37.24	37.28	40.52	39.66	38.72	33.19
722	38.70	38.04	37.09	37.19	40.36	39.50	38.57	33.20
723	38.60	37.90	36.95	37.10	40.21	39.34	38.41	33.22
724	38.51	37.77	36.81	37.00	40.05	39.19	38.26	33.23
725	38.42	37.65	36.68	36.90	39.89	39.03	38.11	33.24
726	38.33	37.53	36.55	36.81	39.74	38.89	37.97	33.25
727	38.23	37.42	36.44	36.71	39.59	38.75	37.84	33.25
728	38.14	37.31	36.32	36.61	39.44	38.62	37.70	33.26
729	38.05	37.21	36.21	36.52	39.29	38.48	37.57	33.25
730	37.96	37.11	36.11	36.42	39.15	38.36	37.45	33.26
731	37.88	37.01	36.02	36.33	39.02	38.23	37.32	33.26
732	37.79	36.91	35.92	36.24	38.88	38.11	37.21	33.26
733	37.70	36.83	35.83	36.16	38.75	38.00	37.10	33.25
734	37.61	36.74	35.75	36.07	38.61	37.89	36.99	33.25
735	37.53	36.66	35.67	35.98	38.48	37.77	36.88	33.24
736	37.45	36.58	35.59	35.90	38.36	37.66	36.78	33.24
737	37.36	36.50	35.52	35.82	38.23	37.56	36.69	33.23
738	37.28	36.42	35.45	35.74	38.12	37.46	36.59	33.22
739	37.20	36.35	35.38	35.66	38.00	37.36	36.50	33.21
740	37.12	36.28	35.31	35.58	37.89	37.27	36.41	33.20
741	37.04	36.21	35.25	35.50	37.78	37.18	36.33	33.19
742	36.96	36.14	35.18	35.42	37.67	37.09	36.25	33.18
743	36.89	36.08	35.11	35.34	37.56	36.99	36.15	33.16
744	36.81	36.02	35.06	35.28	37.45	36.91	36.08	33.15
745	36.74	35.96	35.01	35.20	37.35	36.83	36.01	33.13
746	36.67	35.89	34.96	35.14	37.26	36.75	35.94	33.12
747	36.59	35.84	34.91	35.07	37.16	36.68	35.87	33.11
748	36.52	35.79	34.86	35.00	37.07	36.60	35.81	33.09
749	36.45	35.72	34.81	34.94	36.98	36.53	35.74	33.08
750	36.38	35.67	34.77	34.87	36.89	36.46	35.69	33.05
751	36.32	35.62	34.72	34.81	36.80	36.39	35.62	33.04
752	36.25	35.57	34.68	34.75	36.71	36.32	35.57	33.03
753	36.18	35.52	34.64	34.69	36.63	36.26	35.51	33.01
754	36.12	35.47	34.59	34.63	36.55	36.20	35.45	32.99
755	36.05	35.43	34.55	34.57	36.48	36.13	35.41	32.98
756	35.99	35.38	34.52	34.52	36.38	36.07	35.35	32.96
757	35.93	35.33	34.48	34.46	36.31	36.01	35.31	32.94
758	35.87	35.29	34.44	34.40	36.24	35.96	35.26	32.92
759	35.81	35.24	34.41	34.35	36.17	35.90	35.22	32.90
760	35.75	35.20	34.37	34.29	36.11	35.85	35.17	32.89
761	35.69	35.16	34.34	34.24	36.04	35.80	35.13	32.87
762	35.64	35.12	34.31	34.19	35.97	35.75	35.08	32.85
763	35.58	35.08	34.27	34.14	35.90	35.70	35.05	32.83
764	35.52	35.04	34.24	34.10	35.84	35.65	35.01	32.81
765	35.47	35.01	34.21	34.05	35.79	35.61	34.97	32.79
766	35.42	34.96	34.19	34.00	35.73	35.56	34.94	32.77
767	35.36	34.93	34.16	33.95	35.66	35.52	34.90	32.76
768	35.31	34.89	34.13	33.91	35.59	35.46	34.85	32.74
769	35.26	34.85	34.10	33.87	35.54	35.41	34.82	32.72
770	35.21	34.82	34.08	33.83	35.50	35.38	34.79	32.70
771	35.16	34.79	34.05	33.79	35.45	35.35	34.76	32.68
772	35.11	34.76	34.03	33.74	35.39	35.30	34.73	32.67
773	35.06	34.72	34.00	33.71	35.34	35.27	34.70	32.65
774	35.02	34.69	33.98	33.67	35.29	35.23	34.67	32.63
775	34.97	34.66	33.95	33.62	35.25	35.20	34.64	32.61
776	34.93	34.62	33.94	33.59	35.20	35.16	34.61	32.59
777	34.88	34.60	33.91	33.55	35.15	35.13	34.59	32.57
778	34.84	34.56	33.89	33.51	35.11	35.09	34.56	32.56
779	34.79	34.54	33.86	33.47	35.07	35.06	34.53	32.54
780	34.75	34.51	33.84	33.44	35.03	35.03	34.52	32.52
781	34.71	34.48	33.83	33.41	34.98	35.00	34.49	32.51
782	34.67	34.45	33.80	33.38	34.95	34.97	34.47	32.49
783	34.62	34.43	33.79	33.34	34.91	34.94	34.44	32.47
784	34.59	34.40	33.77	33.31	34.87	34.92	34.42	32.45
785	34.55	34.37	33.75	33.28	34.83	34.88	34.40	32.44
786	34.51	34.35	33.73	33.25	34.80	34.86	34.38	32.42
787	34.46	34.32	33.72	33.22	34.76	34.83	34.36	32.40
788	34.43	34.30	33.69	33.19	34.72	34.81	34.34	32.39
789	34.39	34.27	33.68	33.16	34.69	34.78	34.32	32.37
790	34.36	34.25	33.66	33.13	34.65	34.76	34.31	32.36
791	34.32	34.23	33.65	33.10	34.63	34.73	34.29	32.34
792	34.29	34.21	33.63	33.07	34.59	34.71	34.27	32.32
793	34.26	34.19	33.61	33.04	34.56	34.69	34.25	32.31
794	34.22	34.16	33.60	33.02	34.53	34.67	34.24	32.29
795	34.18	34.14	33.58	32.99	34.50	34.64	34.22	32.28
796	34.15	34.12	33.57	32.97	34.48	34.62	34.20	32.26
797	34.12	34.10	33.55	32.94	34.45	34.60	34.19	32.24
798	34.09	34.08	33.54	32.91	34.41	34.58	34.17	32.23
799	34.06	34.05	33.53	32.89	34.39	34.56	34.16	32.21
800	34.03	34.04	33.51	32.87	34.36	34.54	34.14	32.20
801	33.99	34.02	33.50	32.84	34.34	34.53	34.13	32.18
802	33.96	34.00	33.49	32.82	34.31	34.51	34.11	32.17
803	33.94	34.04	33.56	32.80	34.29	34.65	34.11	32.16
804	33.91	34.18	33.75	32.78	34.29	34.94	34.11	32.14
805	33.89	34.39	34.02	32.76	34.33	35.31	34.14	32.12
806	33.87	34.64	34.32	32.76	34.41	35.70	34.21	32.11
807	33.88	34.92	34.65	32.78	34.52	36.07	34.32	32.09
808	33.90	35.19	34.96	32.81	34.66	36.43	34.46	32.08
809	33.93	35.47	35.28	32.85	34.81	36.77	34.62	32.07
810	33.98	35.74	35.58	32.90	34.98	37.09	34.79	32.05
811	34.05	35.99	35.87	32.98	35.15	37.39	34.96	32.04
812	34.11	36.24	36.16	33.06	35.33	37.68	35.16	32.03
813	34.19	36.48	36.43	33.15	35.52	37.95	35.36	32.02
814	34.27	36.71	36.69	33.25	35.70	38.20	35.57	32.01
815	34.36	36.93	36.93	33.35	35.89	38.45	35.77	32.00
816	34.46	37.13	37.17	33.45	36.08	38.68	35.97	32.00
817	34.55	37.33	37.38	33.55	36.27	38.90	36.17	31.98
818	34.65	37.52	37.59	33.66	36.46	39.11	36.37	31.98
819	34.75	37.70	37.79	33.77	36.64	39.32	36.56	31.97
820	34.85	37.86	37.97	33.88	36.82	39.51	36.76	31.97
821	34.96	38.03	38.15	33.99	37.00	39.70	36.94	31.97
822	35.06	38.18	38.32	34.10	37.19	39.89	37.13	31.96
823	35.16	38.34	38.48	34.21	37.36	40.06	37.30	31.96
824	35.27	38.48	38.63	34.32	37.54	40.23	37.47	31.97
825	35.37	38.62	38.77	34.43	37.71	40.39	37.63	31.97
826	35.48	38.75	38.91	34.54	37.88	40.55	37.79	31.97
827	35.58	38.87	39.04	34.65	38.04	40.70	37.95	31.99
828	35.68	38.99	39.17	34.75	38.20	40.85	38.10	31.99
829	35.79	39.11	39.29	34.86	38.37	40.99	38.24	32.00
830	35.89	39.22	39.39	34.96	38.52	41.13	38.37	32.01
831	35.98	39.34	39.51	35.06	38.67	41.26	38.51	32.01
832	36.09	39.44	39.62	35.17	38.81	41.39	38.64	32.03
833	36.19	39.54	39.72	35.27	38.96	41.51	38.76	32.04
834	36.29	39.64	39.82	35.37	39.11	41.64	38.89	32.06
835	36.38	39.72	39.91	35.47	39.23	41.74	39.00	32.08
836	36.48	39.82	40.00	35.56	39.37	41.86	39.12	32.09
837	36.57	39.91	40.09	35.66	39.51	41.97	39.23	32.12
838	36.67	40.00	40.17	35.75	39.65	42.08	39.33	32.13
839	36.76	40.09	40.25	35.83	39.77	42.19	39.44	32.15
840	36.85	40.16	40.33	35.92	39.88	42.28	39.53	32.17
841	36.94	40.25	40.40	36.01	40.01	42.38	39.62	32.20
842	37.03	40.32	40.47	36.10	40.13	42.48	39.71	32.22
843	37.12	40.40	40.54	36.19	40.25	42.58	39.80	32.24
844	37.20	40.47	40.61	36.27	40.37	42.67	39.89	32.27
845	37.29	40.54	40.68	36.36	40.47	42.76	39.97	32.29
846	37.37	40.60	40.74	36.43	40.56	42.83	40.05	32.32
847	37.45	40.67	40.81	36.51	40.66	42.90	40.12	32.34
848	37.54	40.74	40.86	36.59	40.77	42.99	40.20	32.37
849	37.62	40.81	40.89	36.65	40.87	43.07	40.25	32.38
850	37.70	40.87	40.96	36.74	40.97	43.15	40.32	32.42
851	37.78	40.94	41.02	36.82	41.06	43.23	40.40	32.44
852	37.86	40.99	41.08	36.89	41.16	43.30	40.46	32.48
853	37.93	41.05	41.12	36.96	41.25	43.37	40.52	32.50
854	38.00	41.11	41.18	37.02	41.33	43.43	40.59	32.53
855	38.08	41.17	41.22	37.10	41.42	43.51	40.64	32.56
856	38.15	41.22	41.27	37.16	41.51	43.57	40.70	32.59
857	38.22	41.27	41.31	37.23	41.59	43.64	40.76	32.62
858	38.29	41.32	41.36	37.29	41.67	43.69	40.81	32.64
859	38.36	41.38	41.40	37.36	41.74	43.76	40.86	32.67
860	38.43	41.43	41.44	37.41	41.82	43.82	40.91	32.70
861	38.50	41.48	41.48	37.48	41.89	43.87	40.96	32.73
862	38.56	41.53	41.52	37.54	41.97	43.93	41.01	32.76
863	38.63	41.58	41.57	37.60	42.04	43.99	41.06	32.79
864	38.69	41.63	41.60	37.66	42.10	44.04	41.10	32.82
865	38.76	41.67	41.64	37.71	42.17	44.09	41.14	32.85
866	38.82	41.71	41.67	37.76	42.23	44.14	41.19	32.88
867	38.88	41.76	41.71	37.82	42.30	44.19	41.22	32.91
868	38.94	41.80	41.74	37.88	42.36	44.23	41.27	32.94
869	39.00	41.84	41.78	37.93	42.42	44.28	41.30	32.97
870	39.06	41.88	41.81	37.98	42.48	44.32	41.34	32.99
871	39.11	41.93	41.84	38.03	42.54	44.37	41.38	33.02
872	39.17	41.97	41.87	38.08	42.60	44.41	41.42	33.05
873	39.23	42.01	41.90	38.13	42.65	44.45	41.45	33.08
874	39.28	42.05	41.93	38.17	42.71	44.49	41.49	33.11
875	39.34	42.08	41.97	38.22	42.76	44.53	41.52	33.14
876	39.40	42.12	41.99	38.27	42.80	44.57	41.56	33.17
877	39.45	42.16	42.03	38.32	42.85	44.60	41.59	33.20
878	39.51	42.20	42.06	38.36	42.89	44.64	41.62	33.22
879	39.56	42.23	42.08	38.41	42.94	44.67	41.65	33.25
880	39.61	42.27	42.11	38.45	42.99	44.70	41.68	33.28
881	39.66	42.30	42.14	38.49	43.03	44.74	41.71	33.30
882	39.71	42.34	42.17	38.53	43.08	44.77	41.73	33.34
883	39.76	42.37	42.20	38.57	43.12	44.80	41.76	33.37
884	39.81	42.41	42.22	38.62	43.16	44.83	41.79	33.39
885	39.86	42.44	42.25	38.66	43.21	44.86	41.82	33.42
886	39.90	42.47	42.27	38.69	43.25	44.89	41.84	33.45
887	39.95	42.50	42.29	38.73	43.29	44.92	41.86	33.47
888	40.00	42.53	42.31	38.77	43.33	44.95	41.89	33.50
889	40.04	42.56	42.33	38.81	43.37	44.98	41.91	33.52
890	40.09	42.59	42.36	38.85	43.41	45.00	41.93	33.55
891	40.13	42.62	42.38	38.88	43.44	45.03	41.95	33.57
892	40.17	42.64	42.40	38.91	43.46	45.03	41.97	33.60
893	40.21	42.67	42.42	38.95	43.49	45.06	41.98	33.62
894	40.25	42.69	42.44	38.98	43.50	45.07	42.00	33.65
895	40.29	42.72	42.47	39.02	43.55	45.09	42.03	33.67
896	40.34	42.75	42.49	39.05	43.58	45.12	42.05	33.70
897	40.37	42.78	42.51	39.08	43.62	45.16	42.07	33.73
898	40.41	42.81	42.53	39.12	43.65	45.18	42.09	33.75
899	40.45	42.83	42.54	39.15	43.67	45.19	42.11	33.77
900	40.49	42.86	42.56	39.18	43.69	45.20	42.13	33.80
901	40.53	42.88	42.58	39.21	43.72	45.23	42.14	33.83
902	40.55	42.88	42.61	39.23	43.71	45.20	42.15	33.85
903	40.59	42.87	42.54	39.26	43.75	45.11	42.16	33.87
904	40.63	42.75	42.37	39.29	43.77	44.87	42.17	33.89
905	40.66	42.54	42.10	39.31	43.74	44.55	42.14	33.92
906	40.68	42.30	41.81	39.32	43.69	44.20	42.08	33.94
907	40.68	42.04	41.50	39.31	43.59	43.86	42.00	33.96
908	40.67	41.77	41.19	39.29	43.47	43.54	41.88	33.99
909	40.64	41.51	40.88	39.25	43.34	43.23	41.75	34.01
910	40.60	41.25	40.58	39.19	43.19	42.93	41.60	34.03
911	40.55	40.99	40.29	39.13	43.04	42.65	41.44	34.05
912	40.48	40.76	40.02	39.06	42.88	42.39	41.26	34.07
913	40.41	40.53	39.76	38.98	42.72	42.13	41.09	34.09
914	40.34	40.32	39.52	38.89	42.55	41.90	40.91	34.11
915	40.26	40.11	39.29	38.80	42.38	41.67	40.72	34.13
916	40.17	39.92	39.07	38.70	42.21	41.46	40.54	34.14
917	40.08	39.73	38.86	38.60	42.04	41.25	40.37	34.16
918	39.99	39.56	38.66	38.51	41.87	41.05	40.19	34.18
919	39.90	39.39	38.48	38.40	41.70	40.87	40.02	34.19
920	39.81	39.23	38.31	38.30	41.53	40.68	39.84	34.20
921	39.71	39.08	38.14	38.20	41.36	40.51	39.68	34.21
922	39.61	38.94	37.99	38.10	41.20	40.34	39.51	34.22
923	39.52	38.80	37.84	38.00	41.04	40.18	39.35	34.23
924	39.42	38.66	37.70	37.90	40.88	40.02	39.20	34.24
925	39.33	38.54	37.56	37.80	40.72	39.87	39.05	34.25
926	39.23	38.42	37.44	37.70	40.57	39.72	38.90	34.25
927	39.14	38.30	37.32	37.60	40.41	39.58	38.77	34.26
928	39.05	38.19	37.20	37.50	40.26	39.45	38.63	34.26
929	38.95	38.09	37.10	37.40	40.12	39.31	38.50	34.26
930	38.86	37.98	36.99	37.31	39.98	39.18	38.37	34.26
931	38.77	37.88	36.89	37.22	39.84	39.05	38.25	34.25
932	38.68	37.79	36.80	37.13	39.70	38.93	38.13	34.25
933	38.59	37.70	36.71	37.04	39.57	38.81	38.02	34.25
934	38.50	37.61	36.62	36.95	39.44	38.70	37.91	34.24
935	38.42	37.53	36.54	36.86	39.30	38.59	37.80	34.24
936	38.33	37.45	36.46	36.77	39.18	38.48	37.70	34.23
937	38.25	37.37	36.38	36.69	39.05	38.38	37.60	34.22
938	38.16	37.29	36.29	36.58	38.92	38.27	37.48	34.19
939	38.08	37.22	36.21	36.49	38.81	38.17	37.38	34.17
940	38.00	37.14	36.16	36.41	38.69	38.07	37.30	34.16
941	37.92	37.07	36.09	36.34	38.58	37.97	37.22	34.15
942	37.84	37.00	36.02	36.26	38.47	37.89	37.13	34.14
943	37.76	36.94	35.97	36.18	38.36	37.80	37.05	34.12
944	37.68	36.87	35.89	36.10	38.25	37.71	36.96	34.10
945	37.61	36.81	35.84	36.03	38.15	37.62	36.89	34.08
946	37.53	36.75	35.79	35.96	38.04	37.53	36.82	34.07
947	37.45	36.68	35.73	35.89	37.94	37.45	36.75	34.06
948	37.38	36.62	35.66	35.80	37.85	37.37	36.67	34.03
949	37.31	36.56	35.61	35.73	37.75	37.30	36.60	34.02
950	37.24	36.50	35.57	35.68	37.66	37.22	36.54	34.00
951	37.17	36.45	35.53	35.62	37.57	37.16	36.48	33.99
952	37.10	36.40	35.48	35.55	37.49	37.08	36.43	33.97
953	37.03	36.34	35.43	35.48	37.40	37.02	36.37	33.95
954	36.97	36.29	35.39	35.42	37.32	36.95	36.32	33.93
955	36.90	36.24	35.34	35.37	37.24	36.89	36.26	33.92
956	36.83	36.19	35.30	35.30	37.16	36.82	36.20	33.90
957	36.77	36.14	35.26	35.24	37.09	36.77	36.15	33.87
958	36.70	36.09	35.22	35.19	37.01	36.70	36.10	33.86
959	36.64	36.04	35.18	35.13	36.94	36.65	36.06	33.83
960	36.58	36.00	35.14	35.07	36.86	36.59	36.01	33.81
961	36.52	35.96	35.10	35.02	36.80	36.54	35.96	33.79
962	36.46	35.91	35.06	34.97	36.73	36.49	35.91	33.77
963	36.40	35.87	35.03	34.92	36.66	36.43	35.87	33.75
964	36.34	35.83	35.00	34.87	36.59	36.38	35.83	33.73
965	36.28	35.79	34.97	34.82	36.53	36.33	35.79	33.71
966	36.23	35.75	34.93	34.77	36.47	36.28	35.75	33.69
967	36.17	35.71	34.90	34.72	36.40	36.24	35.71	33.67
968	36.12	35.67	34.87	34.67	36.35	36.19	35.68	33.65
969	36.07	35.63	34.85	34.63	36.29	36.15	35.64	33.62
970	36.01	35.60	34.82	34.58	36.23	36.10	35.60	33.61
971	35.96	35.56	34.78	34.54	36.17	36.06	35.57	33.58
972	35.91	35.53	34.76	34.49	36.13	36.02	35.54	33.56
973	35.86	35.49	34.73	34.45	36.07	35.98	35.51	33.55
974	35.81	35.45	34.71	34.42	36.02	35.94	35.48	33.52
975	35.76	35.42	34.68	34.37	35.97	35.90	35.45	33.50
976	35.72	35.38	34.65	34.33	35.92	35.86	35.42	33.48
977	35.67	35.36	34.63	34.29	35.87	35.83	35.38	33.46
978	35.62	35.32	34.61	34.25	35.83	35.79	35.36	33.44
979	35.57	35.28	34.58	34.21	35.78	35.76	35.33	33.42
980	35.52	35.25	34.56	34.17	35.73	35.72	35.30	33.40
981	35.48	35.23	34.54	34.14	35.68	35.69	35.28	33.38
982	35.44	35.20	34.52	34.10	35.64	35.66	35.25	33.36
983	35.40	35.17	34.49	34.07	35.60	35.63	35.23	33.35
984	35.35	35.14	34.47	34.03	35.56	35.60	35.21	33.32
985	35.31	35.11	34.45	34.00	35.52	35.57	35.18	33.30
986	35.27	35.08	34.43	33.96	35.48	35.54	35.15	33.28
987	35.23	35.05	34.41	33.93	35.45	35.51	35.13	33.26
988	35.19	35.03	34.39	33.91	35.41	35.48	35.11	33.25
989	35.15	35.00	34.37	33.87	35.37	35.45	35.09	33.23
990	35.11	34.97	34.35	33.84	35.34	35.43	35.07	33.21
991	35.07	34.95	34.33	33.81	35.31	35.40	35.05	33.19
992	35.03	34.92	34.32	33.78	35.27	35.38	35.03	33.17
993	34.99	34.90	34.30	33.75	35.24	35.35	35.01	33.16
994	34.96	34.87	34.28	33.72	35.21	35.33	34.99	33.14
995	34.92	34.85	34.26	33.69	35.18	35.31	34.98	33.12
996	34.89	34.82	34.25	33.67	35.15	35.28	34.96	33.10
997	34.85	34.80	34.23	33.64	35.11	35.26	34.94	33.09
998	34.82	34.78	34.21	33.61	35.09	35.24	34.93	33.06
999	34.78	34.76	34.20	33.58	35.05	35.22	34.91	33.05
1000	34.75	34.73	34.18	33.56	35.03	35.20	34.89	33.03
1001	34.72	34.71	34.17	33.53	35.00	35.18	34.87	33.02
1002	34.68	34.69	34.16	33.51	34.98	35.16	34.85	33.00
1003	34.65	34.72	34.22	33.48	34.95	35.28	34.84	32.98
1004	34.62	34.85	34.40	33.45	34.95	35.57	34.84	32.96
1005	34.60	35.06	34.66	33.44	34.98	35.93	34.88	32.95
1006	34.59	35.31	34.96	33.44	35.06	36.31	34.94	32.93
1007	34.58	35.58	35.28	33.45	35.17	36.68	35.04	32.92
1008	34.60	35.85	35.60	33.48	35.30	37.04	35.17	32.90
1009	34.63	36.12	35.91	33.52	35.45	37.38	35.33	32.88
1010	34.68	36.39	36.22	33.58	35.61	37.70	35.49	32.87
1011	34.74	36.65	36.51	33.65	35.78	38.00	35.68	32.85
1012	34.81	36.90	36.79	33.73	35.96	38.28	35.87	32.84
1013	34.88	37.13	37.06	33.81	36.14	38.55	36.07	32.83
1014	34.96	37.36	37.31	33.90	36.32	38.81	36.27	32.81
1015	35.05	37.58	37.56	34.00	36.50	39.05	36.47	32.80
1016	35.14	37.78	37.79	34.11	36.69	39.28	36.67	32.79
1017	35.23	37.98	38.01	34.21	36.88	39.51	36.87	32.78
1018	35.33	38.17	38.22	34.31	37.07	39.72	37.07	32.77
1019	35.43	38.35	38.42	34.42	37.25	39.92	37.26	32.77
1020	35.53	38.52	38.61	34.53	37.43	40.12	37.45	32.76
1021	35.63	38.68	38.78	34.64	37.62	40.31	37.63	32.75
1022	35.73	38.83	38.95	34.75	37.80	40.49	37.82	32.75
1023	35.84	38.99	39.11	34.86	37.98	40.67	37.99	32.75
1024	35.94	39.13	39.26	34.96	38.14	40.84	38.16	32.75
1025	36.04	39.27	39.41	35.07	38.32	41.00	38.33	32.75
1026	36.15	39.40	39.54	35.18	38.48	41.16	38.49	32.75
1027	36.25	39.52	39.67	35.28	38.66	41.31	38.64	32.76
1028	36.35	39.64	39.80	35.39	38.81	41.46	38.79	32.76
1029	36.45	39.76	39.92	35.50	38.97	41.60	38.93	32.77
1030	36.55	39.88	40.04	35.60	39.13	41.74	39.07	32.77
1031	36.65	39.98	40.15	35.70	39.28	41.87	39.21	32.79
1032	36.74	40.09	40.25	35.80	39.43	42.00	39.33	32.80
1033	36.84	40.19	40.35	35.90	39.57	42.12	39.46	32.81
1034	36.93	40.28	40.45	36.00	39.71	42.25	39.58	32.83
1035	37.03	40.38	40.54	36.09	39.85	42.37	39.70	32.84
1036	37.13	40.47	40.63	36.19	39.99	42.48	39.81	32.85
1037	37.22	40.56	40.71	36.28	40.12	42.59	39.92	32.87
1038	37.31	40.64	40.80	36.38	40.25	42.70	40.03	32.90
1039	37.40	40.72	40.88	36.46	40.37	42.80	40.13	32.91
1040	37.49	40.81	40.95	36.56	40.49	42.90	40.23	32.93
1041	37.58	40.88	41.03	36.64	40.61	43.00	40.32	32.95
1042	37.67	40.96	41.10	36.73	40.73	43.09	40.41	32.97
1043	37.75	41.03	41.17	36.81	40.84	43.19	40.49	32.99
1044	37.84	41.11	41.24	36.89	40.96	43.28	40.58	33.02
1045	37.92	41.18	41.30	36.97	41.07	43.37	40.66	33.04
1046	38.00	41.24	41.36	37.05	41.18	43.45	40.74	33.06
1047	38.09	41.31	41.42	37.13	41.28	43.54	40.82	33.09
1048	38.17	41.38	41.48	37.20	41.38	43.61	40.89	33.11
1049	38.24	41.44	41.53	37.27	41.48	43.69	40.96	33.13
1050	38.33	41.50	41.58	37.35	41.58	43.77	41.03	33.16
1051	38.40	41.56	41.64	37.42	41.67	43.84	41.09	33.19
1052	38.48	41.62	41.69	37.49	41.76	43.91	41.16	33.21
1053	38.55	41.68	41.74	37.56	41.85	43.98	41.22	33.24
1054	38.63	41.73	41.78	37.63	41.94	44.05	41.28	33.27
1055	38.70	41.79	41.84	37.70	42.02	44.12	41.34	33.30
1056	38.77	41.85	41.88	37.76	42.10	44.18	41.39	33.32
1057	38.84	41.89	41.92	37.83	42.19	44.24	41.45	33.35
1058	38.91	41.95	41.96	37.89	42.27	44.30	41.50	33.38
1059	38.98	42.00	42.01	37.95	42.35	44.36	41.55	33.40
1060	39.05	42.05	42.04	38.01	42.42	44.42	41.60	33.44
1061	39.11	42.10	42.09	38.08	42.49	44.47	41.65	33.46
1062	39.18	42.14	42.13	38.13	42.56	44.53	41.70	33.49
1063	39.24	42.19	42.16	38.19	42.63	44.58	41.74	33.52
1064	39.31	42.24	42.20	38.25	42.70	44.63	41.78	33.54
1065	39.37	42.28	42.24	38.30	42.76	44.69	41.83	33.57
1066	39.43	42.33	42.28	38.36	42.83	44.73	41.86	33.60
1067	39.49	42.37	42.31	38.41	42.89	44.78	41.91	33.63
1068	39.55	42.41	42.33	38.45	42.95	44.83	41.94	33.64
1069	39.61	42.46	42.37	38.50	43.02	44.88	41.97	33.67
1070	39.67	42.49	42.40	38.56	43.08	44.92	42.01	33.71
1071	39.72	42.54	42.43	38.61	43.13	44.96	42.05	33.73
1072	39.78	42.57	42.47	38.66	43.19	45.01	42.08	33.76
1073	39.84	42.61	42.50	38.71	43.24	45.04	42.12	33.79
1074	39.89	42.65	42.53	38.75	43.30	45.08	42.15	33.81
1075	39.94	42.69	42.56	38.80	43.35	45.12	42.19	33.84
1076	40.00	42.72	42.59	38.84	43.40	45.16	42.21	33.87
1077	40.05	42.76	42.61	38.88	43.44	45.19	42.25	33.89
1078	40.10	42.80	42.64	38.93	43.49	45.22	42.27	33.92
1079	40.16	42.83	42.66	38.98	43.54	45.27	42.30	33.95
1080	40.20	42.86	42.69	39.02	43.59	45.30	42.33	33.97
1081	40.25	42.90	42.69	39.04	43.63	45.33	42.34	33.99
1082	40.30	42.93	42.68	39.06	43.67	45.35	42.33	33.99
1083	40.35	42.97	42.73	39.12	43.72	45.38	42.36	34.02
1084	40.40	43.00	42.77	39.17	43.76	45.41	42.40	34.05
1085	40.44	43.03	42.80	39.21	43.80	45.44	42.43	34.08
1086	40.49	43.06	42.82	39.25	43.84	45.48	42.46	34.11
1087	40.53	43.09	42.85	39.29	43.88	45.51	42.48	34.13
1088	40.58	43.12	42.87	39.33	43.92	45.54	42.51	34.16
1089	40.62	43.14	42.89	39.36	43.95	45.57	42.53	34.18
1090	40.66	43.17	42.91	39.39	43.99	45.59	42.55	34.21
1091	40.70	43.20	42.94	39.43	44.03	45.62	42.57	34.23
1092	40.74	43.23	42.96	39.46	44.07	45.64	42.60	34.26
1093	40.78	43.26	42.98	39.50	44.10	45.67	42.62	34.28
1094	40.82	43.28	43.00	39.53	44.13	45.69	42.64	34.30
1095	40.86	43.31	43.02	39.56	44.16	45.72	42.66	34.33
1096	40.91	43.34	43.04	39.59	44.19	45.74	42.67	34.35
1097	40.94	43.36	43.05	39.63	44.23	45.77	42.69	34.37
1098	40.98	43.39	43.08	39.66	44.25	45.79	42.71	34.40
1099	41.02	43.41	43.09	39.69	44.29	45.81	42.73	34.42
1100	41.05	43.44	43.10	39.71	44.31	45.83	42.74	34.44
1101	41.09	43.46	43.13	39.74	44.34	45.85	42.77	34.47
1102	41.12	43.49	43.14	39.77	44.37	45.87	42.78	34.49
1103	41.16	43.49	43.12	39.80	44.39	45.83	42.79	34.51
1104	41.19	43.39	42.98	39.83	44.41	45.62	42.80	34.53
1105	41.22	43.21	42.75	39.85	44.40	45.30	42.79	34.55
1106	41.24	42.97	42.45	39.86	44.34	44.96	42.74	34.57
1107	41.25	42.71	42.14	39.86	44.26	44.61	42.66	34.59
1108	41.24	42.44	41.83	39.84	44.14	44.28	42.55	34.61
1109	41.21	42.17	41.52	39.80	44.00	43.96	42.42	34.63
1110	41.17	41.91	41.21	39.75	43.86	43.65	42.27	34.66
1111	41.12	41.66	40.91	39.68	43.71	43.37	42.11	34.67
1112	41.05	41.41	40.59	39.59	43.52	43.07	41.90	34.66
1113	40.99	41.18	40.35	39.52	43.36	42.81	41.73	34.69
1114	40.91	40.95	40.11	39.44	43.21	42.58	41.56	34.71
1115	40.83	40.75	39.88	39.35	43.04	42.35	41.38	34.73
1116	40.75	40.55	39.66	39.26	42.87	42.13	41.20	34.74
1117	40.66	40.36	39.45	39.16	42.70	41.92	41.02	34.76
1118	40.57	40.18	39.25	39.06	42.53	41.72	40.84	34.77
1119	40.47	40.01	39.06	38.96	42.36	41.53	40.66	34.79
1120	40.38	39.84	38.89	38.86	42.19	41.34	40.50	34.80
1121	40.29	39.69	38.72	38.75	42.02	41.16	40.33	34.82
1122	40.19	39.54	38.56	38.65	41.85	40.99	40.16	34.83
1123	40.10	39.40	38.40	38.55	41.69	40.83	40.00	34.83
1124	40.00	39.26	38.26	38.45	41.53	40.66	39.84	34.83
1125	39.91	39.14	38.12	38.35	41.37	40.51	39.68	34.84
1126	39.81	39.01	37.99	38.24	41.21	40.36	39.54	34.85
1127	39.71	38.89	37.87	38.14	41.06	40.22	39.40	34.85
1128	39.62	38.78	37.75	38.05	40.91	40.07	39.26	34.85
1129	39.52	38.67	37.64	37.95	40.76	39.94	39.12	34.85
1130	39.43	38.57	37.53	37.85	40.62	39.81	38.99	34.84
1131	39.33	38.47	37.43	37.76	40.47	39.67	38.86	34.84
1132	39.24	38.37	37.34	37.66	40.33	39.55	38.74	34.83
1133	39.15	38.28	37.24	37.57	40.19	39.44	38.62	34.83
1134	39.07	38.19	37.15	37.48	40.06	39.32	38.51	34.82
1135	38.98	38.10	37.07	37.39	39.93	39.20	38.40	34.81
1136	38.89	38.02	36.99	37.31	39.80	39.09	38.29	34.80
1137	38.80	37.94	36.92	37.22	39.67	38.98	38.19	34.78
1138	38.72	37.86	36.84	37.14	39.55	38.87	38.09	34.78
1139	38.64	37.78	36.76	37.06	39.43	38.78	37.99	34.77
1140	38.56	37.71	36.69	36.97	39.32	38.68	37.90	34.75
1141	38.47	37.64	36.62	36.89	39.20	38.58	37.81	34.73
1142	38.39	37.57	36.56	36.81	39.09	38.49	37.72	34.71
1143	38.31	37.50	36.50	36.75	38.98	38.40	37.64	34.70
1144	38.23	37.43	36.44	36.66	38.87	38.31	37.56	34.69
1145	38.15	37.36	36.38	36.59	38.77	38.23	37.49	34.67
1146	38.08	37.30	36.33	36.52	38.67	38.14	37.41	34.66
1147	38.00	37.24	36.27	36.45	38.57	38.07	37.34	34.64
1148	37.93	37.18	36.22	36.38	38.47	37.99	37.27	34.62
1149	37.86	37.13	36.17	36.31	38.37	37.91	37.21	34.61
1150	37.78	37.06	36.11	36.24	38.28	37.84	37.14	34.59
1151	37.71	37.01	36.07	36.17	38.19	37.76	37.08	34.56
1152	37.64	36.96	36.02	36.11	38.10	37.69	37.01	34.55
1153	37.57	36.90	35.98	36.05	38.02	37.62	36.96	34.53
1154	37.51	36.85	35.94	35.98	37.94	37.56	36.90	34.51
1155	37.44	36.80	35.89	35.92	37.85	37.49	36.84	34.49
1156	37.37	36.76	35.85	35.86	37.77	37.43	36.80	34.47
1157	37.31	36.70	35.81	35.80	37.69	37.37	36.74	34.45
1158	37.24	36.66	35.77	35.75	37.62	37.31	36.69	34.42
1159	37.18	36.61	35.73	35.69	37.54	37.25	36.64	34.41
1160	37.12	36.57	35.70	35.63	37.47	37.20	36.59	34.38
1161	37.06	36.52	35.66	35.58	37.41	37.15	36.55	34.36
1162	37.00	36.48	35.63	35.53	37.34	37.09	36.50	34.34
1163	36.94	36.43	35.59	35.47	37.27	37.04	36.46	34.33
1164	36.88	36.39	35.56	35.42	37.20	36.99	36.42	34.30
1165	36.83	36.35	35.53	35.37	37.14	36.95	36.38	34.28
1166	36.77	36.31	35.44	35.29	37.06	36.89	36.31	34.24
1167	36.71	36.28	35.40	35.23	36.98	36.83	36.24	34.19
1168	36.66	36.24	35.40	35.20	36.93	36.78	36.21	34.17
1169	36.60	36.20	35.38	35.16	36.88	36.73	36.19	34.16
1170	36.55	36.16	35.36	35.12	36.82	36.69	36.16	34.14
1171	36.50	36.13	35.33	35.08	36.76	36.65	36.13	34.12
1172	36.45	36.09	35.31	35.04	36.71	36.61	36.09	34.10
1173	36.40	36.05	35.28	34.99	36.66	36.57	36.07	34.08
1174	36.35	36.02	35.25	34.95	36.61	36.53	36.03	34.06
1175	36.30	35.98	35.23	34.91	36.56	36.49	36.00	34.04
1176	36.25	35.95	35.20	34.87	36.51	36.46	35.98	34.02
1177	36.21	35.91	35.17	34.83	36.46	36.42	35.94	34.00
1178	36.16	35.88	35.15	34.79	36.42	36.38	35.91	33.98
1179	36.11	35.85	35.12	34.75	36.37	36.35	35.88	33.96
1180	36.07	35.82	35.10	34.71	36.33	36.32	35.86	33.94
1181	36.02	35.79	35.08	34.68	36.28	36.28	35.83	33.92
1182	35.98	35.75	35.06	34.64	36.24	36.25	35.81	33.90
1183	35.94	35.73	35.03	34.60	36.20	36.22	35.79	33.88
1184	35.89	35.70	35.02	34.57	36.16	36.19	35.76	33.86
1185	35.85	35.67	34.99	34.53	36.12	36.16	35.73	33.84
1186	35.81	35.64	34.97	34.50	36.08	36.13	35.71	33.82
1187	35.77	35.61	34.95	34.46	36.03	36.10	35.69	33.81
1188	35.73	35.59	34.93	34.43	36.00	36.06	35.66	33.78
1189	35.69	35.56	34.91	34.40	35.95	36.04	35.64	33.76
1190	35.65	35.54	34.89	34.37	35.92	36.01	35.61	33.73
1191	35.61	35.51	34.87	34.33	35.89	35.98	35.59	33.71
1192	35.58	35.49	34.85	34.30	35.86	35.96	35.57	33.70
1193	35.54	35.46	34.83	34.27	35.82	35.93	35.55	33.68
1194	35.51	35.44	34.82	34.24	35.80	35.91	35.53	33.66
1195	35.47	35.41	34.80	34.22	35.77	35.89	35.51	33.64
1196	35.43	35.39	34.78	34.19	35.73	35.86	35.50	33.63
1197	35.40	35.36	34.76	34.16	35.70	35.84	35.47	33.61
1198	35.36	35.34	34.75	34.13	35.67	35.81	35.46	33.59
1199	35.33	35.31	34.73	34.11	35.64	35.79	35.44	33.57
1200	35.30	35.29	34.71	34.08	35.61	35.77	35.42	33.56
1201	35.26	35.27	34.70	34.06	35.58	35.74	35.41	33.54
1202	35.23	35.25	34.68	34.03	35.55	35.73	35.38	33.52
1203	35.20	35.29	34.76	34.00	35.52	35.86	35.37	33.50
1204	35.17	35.43	34.94	33.98	35.52	36.17	35.36	33.48
1205	35.15	35.65	35.21	33.97	35.56	36.53	35.39	33.46
1206	35.14	35.90	35.52	33.96	35.64	36.91	35.46	33.44
1207	35.14	36.17	35.83	33.98	35.76	37.29	35.57	33.42
1208	35.16	36.45	36.16	34.01	35.89	37.64	35.70	33.41
1209	35.19	36.72	36.47	34.06	36.05	37.98	35.86	33.40
1210	35.24	36.98	36.78	34.11	36.21	38.29	36.03	33.38
1211	35.30	37.24	37.07	34.18	36.38	38.59	36.21	33.37
1212	35.36	37.48	37.35	34.26	36.55	38.87	36.41	33.36
1213	35.44	37.71	37.61	34.34	36.74	39.14	36.60	33.35
1214	35.52	37.94	37.86	34.43	36.92	39.39	36.80	33.33
1215	35.61	38.15	38.10	34.53	37.11	39.64	36.99	33.32
1216	35.70	38.35	38.33	34.63	37.29	39.87	37.19	33.31
1217	35.79	38.55	38.55	34.74	37.48	40.08	37.39	33.30
1218	35.89	38.74	38.75	34.85	37.66	40.29	37.58	33.29
1219	35.99	38.91	38.94	34.95	37.85	40.49	37.77	33.28
1220	36.08	39.08	39.12	35.06	38.02	40.68	37.96	33.27
1221	36.19	39.24	39.30	35.16	38.20	40.87	38.14	33.27
1222	36.29	39.39	39.47	35.27	38.38	41.05	38.32	33.27
1223	36.39	39.54	39.62	35.38	38.56	41.22	38.49	33.27
1224	36.49	39.68	39.77	35.49	38.73	41.39	38.65	33.26
1225	36.59	39.81	39.91	35.60	38.90	41.55	38.81	33.27
1226	36.69	39.94	40.05	35.70	39.06	41.70	38.97	33.26
1227	36.79	40.06	40.18	35.80	39.22	41.85	39.12	33.27
1228	36.89	40.18	40.30	35.91	39.38	42.00	39.27	33.28
1229	36.99	40.30	40.42	36.02	39.53	42.14	39.41	33.28
1230	37.08	40.41	40.53	36.11	39.68	42.27	39.54	33.29
1231	37.18	40.51	40.64	36.21	39.84	42.40	39.68	33.30
1232	37.28	40.61	40.74	36.32	39.98	42.53	39.81	33.32
1233	37.38	40.71	40.84	36.42	40.12	42.65	39.93	33.32
1234	37.47	40.81	40.93	36.51	40.26	42.77	40.05	33.34
1235	37.56	40.90	41.03	36.60	40.40	42.89	40.16	33.35
1236	37.66	40.99	41.11	36.70	40.54	43.00	40.27	33.37
1237	37.75	41.07	41.20	36.79	40.67	43.11	40.38	33.38
1238	37.84	41.16	41.28	36.88	40.80	43.21	40.48	33.40
1239	37.93	41.24	41.36	36.97	40.92	43.32	40.58	33.42
1240	38.02	41.32	41.43	37.05	41.04	43.42	40.67	33.43
1241	38.11	41.39	41.50	37.14	41.15	43.51	40.76	33.45
1242	38.20	41.47	41.57	37.22	41.26	43.60	40.85	33.48
1243	38.28	41.55	41.64	37.31	41.38	43.69	40.94	33.50
1244	38.36	41.62	41.71	37.39	41.49	43.78	41.02	33.52
1245	38.44	41.68	41.77	37.47	41.60	43.87	41.10	33.54
1246	38.53	41.75	41.83	37.55	41.70	43.96	41.18	33.56
1247	38.61	41.82	41.88	37.62	41.81	44.04	41.25	33.59
1248	38.69	41.88	41.95	37.70	41.91	44.12	41.32	33.61
1249	38.76	41.94	42.00	37.77	42.00	44.19	41.40	33.64
1250	38.84	42.00	42.05	37.84	42.10	44.27	41.46	33.66
1251	38.92	42.06	42.11	37.92	42.19	44.34	41.53	33.68
1252	38.99	42.12	42.16	37.99	42.28	44.41	41.59	33.71
1253	39.07	42.18	42.20	38.05	42.37	44.48	41.65	33.74
1254	39.14	42.23	42.25	38.13	42.46	44.55	41.71	33.76
1255	39.21	42.29	42.29	38.18	42.54	44.61	41.75	33.78
1256	39.28	42.34	42.33	38.25	42.62	44.67	41.81	33.81
1257	39.35	42.39	42.38	38.32	42.70	44.73	41.85	33.83
1258	39.42	42.44	42.43	38.38	42.78	44.79	41.91	33.86
1259	39.49	42.49	42.47	38.45	42.85	44.84	41.96	33.89
1260	39.56	42.54	42.51	38.51	42.92	44.90	42.01	33.92
1261	39.62	42.58	42.56	38.57	42.98	44.95	42.06	33.95
1262	39.69	42.63	42.59	38.63	43.05	45.00	42.11	33.98
1263	39.75	42.68	42.63	38.68	43.12	45.05	42.15	34.00
1264	39.81	42.73	42.67	38.74	43.19	45.10	42.20	34.03
1265	39.87	42.77	42.70	38.79	43.25	45.15	42.24	34.06
1266	39.94	42.81	42.74	38.84	43.32	45.19	42.28	34.08
1267	40.00	42.86	42.77	38.90	43.38	45.24	42.32	34.11
1268	40.06	42.89	42.80	38.95	43.44	45.29	42.35	34.14
1269	40.11	42.94	42.84	39.00	43.50	45.34	42.39	34.16
1270	40.17	42.98	42.87	39.05	43.56	45.37	42.43	34.19
1271	40.23	43.02	42.90	39.09	43.61	45.42	42.46	34.22
1272	40.28	43.06	42.93	39.15	43.67	45.46	42.49	34.24
1273	40.33	43.10	42.96	39.20	43.72	45.50	42.53	34.27
1274	40.39	43.13	42.99	39.24	43.78	45.54	42.56	34.29
1275	40.44	43.17	43.01	39.28	43.82	45.58	42.59	34.32
1276	40.49	43.20	43.04	39.33	43.87	45.62	42.62	34.34
1277	40.54	43.24	43.07	39.37	43.92	45.66	42.65	34.37
1278	40.59	43.28	43.10	39.41	43.97	45.69	42.68	34.40
1279	40.65	43.31	43.12	39.46	44.01	45.72	42.70	34.42
1280	40.69	43.35	43.15	39.50	44.06	45.76	42.74	34.45
1281	40.74	43.38	43.17	39.54	44.10	45.79	42.77	34.48
1282	40.79	43.40	43.20	39.58	44.15	45.82	42.79	34.50
1283	40.83	43.44	43.22	39.62	44.18	45.85	42.81	34.52
1284	40.88	43.47	43.24	39.65	44.22	45.88	42.83	34.54
1285	40.93	43.50	43.26	39.69	44.27	45.91	42.85	34.56
1286	40.97	43.53	43.29	39.73	44.30	45.93	42.87	34.59
1287	41.01	43.56	43.31	39.77	44.34	45.97	42.90	34.61
1288	41.06	43.59	43.33	39.80	44.38	45.99	42.93	34.64
1289	41.10	43.62	43.36	39.83	44.42	46.02	42.95	34.67
1290	41.14	43.64	43.37	39.87	44.45	46.05	42.97	34.69
1291	41.18	43.67	43.39	39.91	44.49	46.07	42.99	34.72
1292	41.22	43.70	43.41	39.94	44.52	46.10	43.01	34.74
1293	41.26	43.72	43.44	39.97	44.56	46.12	43.03	34.76
1294	41.29	43.75	43.45	40.00	44.59	46.15	43.05	34.78
1295	41.34	43.78	43.47	40.03	44.62	46.17	43.07	34.80
1296	41.38	43.80	43.47	40.05	44.64	46.18	43.07	34.82
1297	41.42	43.83	43.50	40.08	44.68	46.20	43.09	34.84
1298	41.45	43.85	43.52	40.12	44.71	46.23	43.12	34.86
1299	41.49	43.88	43.54	40.15	44.74	46.25	43.13	34.89
1300	41.52	43.90	43.56	40.18	44.77	46.27	43.15	34.91
1301	41.56	43.92	43.57	40.21	44.79	46.29	43.16	34.94
1302	41.59	43.95	43.59	40.23	44.82	46.31	43.18	34.95
1303	41.63	43.92	43.54	40.26	44.83	46.20	43.20	34.98
1304	41.66	43.79	43.36	40.29	44.84	45.94	43.20	35.00
1305	41.69	43.58	43.09	40.31	44.82	45.62	43.17	35.02
1306	41.71	43.35	42.80	40.32	44.75	45.26	43.11	35.04
1307	41.71	43.08	42.48	40.31	44.66	44.92	43.02	35.06
1308	41.69	42.80	42.17	40.28	44.54	44.60	42.91	35.08
1309	41.66	42.53	41.85	40.24	44.40	44.28	42.77	35.10
1310	41.62	42.28	41.55	40.18	44.26	43.98	42.62	35.12
1311	41.56	42.02	41.27	40.11	44.10	43.69	42.45	35.13
1312	41.50	41.78	40.99	40.04	43.93	43.43	42.28	35.15
1313	41.42	41.55	40.74	39.96	43.76	43.18	42.10	35.17
1314	41.35	41.33	40.49	39.87	43.59	42.93	41.92	35.18
1315	41.26	41.12	40.25	39.78	43.43	42.70	41.74	35.21
1316	41.17	40.93	40.03	39.68	43.25	42.49	41.56	35.22
1317	41.08	40.74	39.82	39.58	43.08	42.28	41.38	35.23
1318	40.99	40.56	39.63	39.48	42.91	42.08	41.20	35.25
1319	40.90	40.39	39.44	39.38	42.74	41.88	41.03	35.26
1320	40.80	40.23	39.27	39.27	42.57	41.70	40.85	35.27
1321	40.70	40.08	39.10	39.17	42.40	41.52	40.68	35.28
1322	40.61	39.93	38.94	39.07	42.23	41.35	40.51	35.28
1323	40.51	39.79	38.79	38.96	42.07	41.19	40.35	35.29
1324	40.41	39.66	38.66	38.86	41.91	41.03	40.21	35.30
1325	40.31	39.53	38.52	38.76	41.75	40.87	40.05	35.30
1326	40.22	39.41	38.39	38.66	41.59	40.73	39.90	35.30
1327	40.12	39.29	38.27	38.56	41.44	40.58	39.76	35.31
1328	40.02	39.18	38.15	38.46	41.29	40.44	39.62	35.31
1329	39.93	39.07	38.04	38.36	41.14	40.31	39.49	35.30
1330	39.84	38.97	37.94	38.26	40.99	40.18	39.36	35.30
1331	39.75	38.86	37.83	38.17	40.85	40.04	39.24	35.29
1332	39.65	38.77	37.74	38.08	40.71	39.93	39.12	35.29
1333	39.56	38.68	37.64	37.98	40.57	39.80	39.01	35.29
1334	39.47	38.59	37.56	37.89	40.44	39.69	38.89	35.27
1335	39.39	38.50	37.48	37.80	40.30	39.58	38.78	35.27
1336	39.30	38.42	37.39	37.72	40.18	39.47	38.68	35.26
1337	39.21	38.34	37.32	37.63	40.05	39.36	38.58	35.25
1338	39.13	38.26	37.24	37.54	39.93	39.26	38.48	35.24
1339	39.04	38.18	37.17	37.46	39.81	39.16	38.39	35.23
1340	38.95	38.11	37.10	37.38	39.69	39.06	38.30	35.22
1341	38.87	38.03	37.03	37.30	39.58	38.96	38.21	35.20
1342	38.79	37.96	36.96	37.21	39.46	38.87	38.12	35.17
1343	38.71	37.90	36.89	37.13	39.35	38.77	38.03	35.15
1344	38.63	37.83	36.84	37.06	39.25	38.69	37.96	35.14
1345	38.55	37.76	36.78	36.99	39.15	38.61	37.89	35.13
1346	38.48	37.70	36.72	36.91	39.04	38.52	37.81	35.11
1347	38.40	37.64	36.67	36.84	38.95	38.44	37.74	35.09
1348	38.33	37.58	36.62	36.77	38.85	38.37	37.67	35.07
1349	38.25	37.52	36.57	36.70	38.75	38.29	37.60	35.06
1350	38.18	37.47	36.52	36.63	38.66	38.22	37.54	35.04
1351	38.11	37.41	36.47	36.57	38.57	38.15	37.48	35.01
1352	38.03	37.36	36.42	36.51	38.48	38.08	37.41	35.00
1353	37.97	37.30	36.38	36.44	38.40	38.01	37.36	34.98
1354	37.91	37.25	36.33	36.38	38.32	37.94	37.30	34.95
1355	37.83	37.20	36.29	36.32	38.23	37.88	37.25	34.93
1356	37.77	37.15	36.25	36.26	38.15	37.82	37.19	34.91
1357	37.70	37.10	36.21	36.20	38.08	37.75	37.14	34.89
1358	37.64	37.06	36.17	36.14	38.00	37.70	37.09	34.87
1359	37.58	37.01	36.13	36.08	37.92	37.63	37.04	34.85
1360	37.51	36.97	36.10	36.03	37.85	37.58	36.99	34.83
1361	37.45	36.92	36.06	35.97	37.78	37.52	36.95	34.80
1362	37.39	36.88	36.03	35.92	37.71	37.47	36.90	34.78
1363	37.34	36.83	35.99	35.86	37.65	37.42	36.86	34.76
1364	37.28	36.79	35.96	35.82	37.58	37.36	36.82	34.74
1365	37.22	36.75	35.92	35.76	37.51	37.32	36.78	34.72
1366	37.16	36.71	35.90	35.71	37.45	37.26	36.74	34.70
1367	37.11	36.67	35.86	35.67	37.38	37.22	36.70	34.68
1368	37.05	36.63	35.83	35.62	37.33	37.17	36.67	34.65
1369	37.00	36.59	35.80	35.57	37.27	37.13	36.62	34.63
1370	36.94	36.56	35.77	35.53	37.22	37.08	36.59	34.60
1371	36.89	36.52	35.74	35.48	37.16	37.04	36.55	34.58
1372	36.84	36.48	35.71	35.44	37.12	37.00	36.52	34.56
1373	36.79	36.45	35.69	35.39	37.05	36.96	36.49	34.54
1374	36.74	36.41	35.66	35.35	37.00	36.92	36.46	34.52
1375	36.69	36.37	35.63	35.31	36.95	36.88	36.43	34.50
1376	36.64	36.34	35.61	35.27	36.90	36.84	36.40	34.48
1377	36.59	36.31	35.58	35.23	36.85	36.81	36.37	34.46
1378	36.54	36.28	35.56	35.19	36.81	36.77	36.34	34.44
1379	36.50	36.24	35.54	35.15	36.76	36.74	36.31	34.41
1380	36.45	36.22	35.51	35.11	36.71	36.71	36.29	34.39
1381	36.41	36.18	35.49	35.07	36.66	36.67	36.26	34.37
1382	36.37	36.15	35.47	35.04	36.63	36.63	36.23	34.35
1383	36.32	36.12	35.44	35.00	36.58	36.60	36.21	34.33
1384	36.28	36.09	35.42	34.97	36.54	36.57	36.18	34.31
1385	36.23	36.06	35.40	34.93	36.50	36.54	36.16	34.29
1386	36.19	36.03	35.38	34.90	36.47	36.51	36.14	34.27
1387	36.15	36.00	35.36	34.87	36.42	36.48	36.11	34.25
1388	36.11	35.98	35.34	34.83	36.38	36.45	36.09	34.23
1389	36.07	35.95	35.32	34.80	36.35	36.43	36.07	34.21
1390	36.03	35.92	35.30	34.77	36.31	36.40	36.05	34.19
1391	35.99	35.90	35.28	34.74	36.28	36.37	36.03	34.17
1392	35.95	35.87	35.26	34.71	36.24	36.35	36.01	34.15
1393	35.91	35.84	35.24	34.68	36.21	36.32	35.99	34.14
1394	35.87	35.81	35.22	34.65	36.17	36.29	35.97	34.12
1395	35.83	35.78	35.21	34.61	36.12	36.24	35.94	34.10
1396	35.80	35.76	35.19	34.59	36.08	36.22	35.91	34.08
1397	35.76	35.74	35.16	34.56	36.05	36.21	35.89	34.05
1398	35.73	35.72	35.15	34.53	36.02	36.18	35.87	34.03
1399	35.69	35.70	35.13	34.50	35.98	36.16	35.86	34.02
1400	35.66	35.68	35.12	34.48	35.95	36.13	35.83	33.99
1401	35.63	35.66	35.10	34.44	35.92	36.11	35.81	33.98
1402	35.60	35.64	35.09	34.42	35.89	36.10	35.80	33.96
1403	35.56	35.68	35.15	34.39	35.86	36.24	35.76	33.93
1404	35.54	35.83	35.35	34.37	35.86	36.54	35.77	33.91
1405	35.52	36.04	35.63	34.35	35.90	36.91	35.80	33.90
1406	35.50	36.30	35.93	34.35	35.98	37.29	35.88	33.88
1407	35.51	36.58	36.25	34.36	36.10	37.66	35.99	33.86
1408	35.53	36.85	36.57	34.40	36.22	38.02	36.11	33.84
1409	35.56	37.13	36.89	34.44	36.37	38.35	36.27	33.83
1410	35.61	37.39	37.19	34.50	36.54	38.67	36.44	33.81
1411	35.67	37.65	37.49	34.57	36.71	38.97	36.62	33.80
1412	35.74	37.90	37.77	34.65	36.89	39.26	36.81	33.78
1413	35.81	38.14	38.03	34.73	37.06	39.52	37.01	33.76
1414	35.90	38.37	38.29	34.83	37.25	39.77	37.20	33.75
1415	35.99	38.58	38.53	34.92	37.43	40.02	37.40	33.73
1416	36.08	38.79	38.76	35.03	37.62	40.24	37.60	33.72
1417	36.18	38.98	38.98	35.13	37.81	40.46	37.80	33.71
1418	36.28	39.17	39.18	35.23	37.99	40.67	37.99	33.70
1419	36.37	39.35	39.38	35.34	38.17	40.88	38.19	33.70
1420	36.48	39.52	39.56	35.45	38.35	41.07	38.37	33.69
1421	36.58	39.67	39.74	35.56	38.54	41.25	38.55	33.68
1422	36.68	39.83	39.90	35.67	38.71	41.43	38.73	33.67
1423	36.78	39.98	40.06	35.78	38.89	41.61	38.90	33.67
1424	36.89	40.12	40.21	35.88	39.06	41.77	39.06	33.67
1425	36.99	40.25	40.35	35.99	39.23	41.93	39.23	33.67
1426	37.10	40.39	40.49	36.10	39.39	42.08	39.39	33.67
1427	37.19	40.51	40.62	36.20	39.55	42.23	39.54	33.67
1428	37.30	40.63	40.74	36.30	39.72	42.38	39.68	33.67
1429	37.40	40.74	40.86	36.41	39.87	42.51	39.83	33.68
1430	37.50	40.86	40.97	36.51	40.03	42.65	39.96	33.68
1431	37.60	40.96	41.08	36.61	40.17	42.78	40.10	33.69
1432	37.70	41.07	41.19	36.71	40.32	42.91	40.22	33.70
1433	37.80	41.17	41.28	36.80	40.46	43.03	40.34	33.71
1434	37.89	41.26	41.38	36.90	40.60	43.15	40.46	33.73
1435	37.99	41.35	41.47	36.99	40.74	43.26	40.58	33.74
1436	38.09	41.45	41.55	37.09	40.87	43.38	40.68	33.75
1437	38.18	41.54	41.64	37.17	41.01	43.49	40.79	33.77
1438	38.27	41.62	41.72	37.27	41.13	43.59	40.89	33.79
1439	38.36	41.70	41.79	37.35	41.25	43.69	40.99	33.81
1440	38.45	41.78	41.86	37.44	41.37	43.78	41.08	33.82
1441	38.54	41.85	41.94	37.53	41.50	43.87	41.17	33.84
1442	38.63	41.92	42.00	37.61	41.60	43.96	41.25	33.86
1443	38.72	42.00	42.06	37.69	41.72	44.05	41.33	33.87
1444	38.80	42.07	42.12	37.76	41.82	44.13	41.39	33.88
1445	38.89	42.14	42.19	37.85	41.93	44.22	41.48	33.91
1446	38.97	42.21	42.25	37.93	42.03	44.30	41.56	33.93
1447	39.05	42.27	42.31	38.00	42.13	44.38	41.64	33.95
1448	39.13	42.33	42.36	38.08	42.24	44.47	41.72	33.98
1449	39.21	42.40	42.42	38.15	42.34	44.54	41.78	34.01
1450	39.29	42.46	42.47	38.22	42.43	44.62	41.85	34.03
1451	39.36	42.52	42.53	38.29	42.52	44.68	41.91	34.06
1452	39.44	42.57	42.57	38.37	42.61	44.75	41.97	34.08
1453	39.51	42.63	42.62	38.43	42.69	44.82	42.03	34.10
1454	39.59	42.68	42.66	38.50	42.77	44.88	42.08	34.12
1455	39.66	42.74	42.71	38.57	42.86	44.95	42.14	34.15
1456	39.73	42.79	42.75	38.63	42.95	45.01	42.19	34.18
1457	39.80	42.84	42.79	38.69	43.02	45.06	42.24	34.20
1458	39.87	42.89	42.83	38.75	43.09	45.13	42.29	34.22
1459	39.94	42.94	42.88	38.81	43.17	45.18	42.34	34.25
1460	40.00	42.99	42.91	38.87	43.24	45.23	42.39	34.28
1461	40.07	43.03	42.95	38.93	43.31	45.29	42.43	34.30
1462	40.13	43.08	42.99	38.98	43.38	45.33	42.48	34.33
1463	40.20	43.13	43.02	39.04	43.45	45.39	42.52	34.35
1464	40.26	43.17	43.06	39.10	43.52	45.44	42.56	34.38
1465	40.32	43.22	43.09	39.15	43.58	45.49	42.60	34.40
1466	40.38	43.25	43.13	39.20	43.64	45.53	42.64	34.43
1467	40.44	43.30	43.16	39.26	43.70	45.58	42.68	34.45
1468	40.50	43.34	43.19	39.30	43.76	45.63	42.71	34.48
1469	40.56	43.38	43.22	39.35	43.82	45.67	42.74	34.50
1470	40.61	43.41	43.25	39.40	43.86	45.69	42.78	34.53
1471	40.67	43.45	43.28	39.46	43.92	45.73	42.81	34.55
1472	40.73	43.49	43.32	39.50	43.97	45.78	42.84	34.57
1473	40.78	43.53	43.35	39.55	44.03	45.82	42.87	34.61
1474	40.84	43.56	43.37	39.59	44.08	45.86	42.91	34.63
1475	40.89	43.60	43.40	39.63	44.13	45.90	42.94	34.66
1476	40.94	43.63	43.42	39.67	44.18	45.94	42.97	34.68
1477	40.99	43.67	43.45	39.72	44.23	45.97	42.99	34.70
1478	41.04	43.71	43.47	39.76	44.28	46.00	43.02	34.72
1479	41.09	43.73	43.50	39.80	44.32	46.04	43.04	34.75
1480	41.15	43.77	43.52	39.85	44.37	46.07	43.07	34.77
1481	41.19	43.80	43.54	39.88	44.41	46.10	43.10	34.80
1482	41.24	43.84	43.57	39.92	44.45	46.13	43.12	34.82
1483	41.29	43.87	43.59	39.96	44.49	46.16	43.14	34.85
1484	41.33	43.89	43.61	40.00	44.53	46.19	43.17	34.87
1485	41.38	43.92	43.63	40.04	44.56	46.22	43.19	34.89
1486	41.42	43.96	43.66	40.07	44.60	46.25	43.21	34.92
1487	41.47	43.99	43.68	40.11	44.64	46.27	43.23	34.94
1488	41.51	44.02	43.70	40.14	44.68	46.30	43.26	34.96
1489	41.54	44.04	43.72	40.18	44.71	46.32	43.28	34.99
1490	41.59	44.06	43.74	40.21	44.74	46.35	43.30	35.01
1491	41.63	44.10	43.76	40.24	44.78	46.37	43.31	35.03
1492	41.67	44.12	43.78	40.27	44.81	46.40	43.33	35.04
1493	41.71	44.15	43.80	40.30	44.84	46.42	43.35	35.07
1494	41.75	44.17	43.82	40.34	44.86	46.43	43.36	35.09
1495	41.78	44.18	43.84	40.36	44.87	46.43	43.38	35.10
1496	41.82	44.21	43.86	40.39	44.91	46.45	43.39	35.13
1497	41.86	44.24	43.87	40.42	44.95	46.48	43.41	35.15
1498	41.90	44.27	43.89	40.46	44.98	46.51	43.43	35.18
1499	41.94	44.29	43.91	40.49	45.01	46.53	43.44	35.20
1500	41.97	44.32	43.92	40.51	45.03	46.55	43.46	35.22
1501	42.01	44.35	43.94	40.54	45.06	46.57	43.47	35.24
1502	42.04	44.36	43.95	40.56	45.08	46.58	43.49	35.26
1503	42.05	44.28	43.88	40.60	45.06	46.41	43.50	35.28
1504	42.10	44.16	43.69	40.62	45.07	46.16	43.49	35.30
1505	42.12	43.96	43.43	40.64	45.05	45.83	43.46	35.32
1506	42.14	43.72	43.12	40.64	44.98	45.49	43.40	35.34
1507	42.14	43.46	42.81	40.63	44.89	45.14	43.31	35.36
1508	42.13	43.18	42.49	40.61	44.77	44.82	43.19	35.38
1509	42.09	42.92	42.19	40.56	44.63	44.50	43.05	35.40
1510	42.05	42.66	41.89	40.50	44.48	44.21	42.89	35.41
1511	41.99	42.40	41.60	40.44	44.32	43.92	42.73	35.43
1512	41.93	42.16	41.32	40.36	44.15	43.66	42.56	35.45
1513	41.86	41.94	41.07	40.28	43.99	43.41	42.38	35.47
1514	41.78	41.72	40.82	40.19	43.82	43.16	42.19	35.48
1515	41.69	41.51	40.59	40.09	43.65	42.93	42.00	35.49
1516	41.60	41.32	40.37	39.99	43.47	42.72	41.83	35.51
1517	41.51	41.13	40.16	39.90	43.31	42.51	41.65	35.52
1518	41.42	40.94	39.96	39.79	43.12	42.30	41.46	35.53
1519	41.33	40.78	39.77	39.68	42.95	42.10	41.28	35.53
1520	41.23	40.62	39.60	39.58	42.78	41.92	41.11	35.55
1521	41.13	40.46	39.43	39.48	42.62	41.75	40.94	35.55
1522	41.04	40.32	39.27	39.37	42.45	41.58	40.78	35.57
1523	40.94	40.18	39.13	39.27	42.29	41.42	40.61	35.57
1524	40.84	40.05	38.98	39.17	42.13	41.25	40.45	35.58
1525	40.75	39.92	38.85	39.07	41.97	41.10	40.31	35.58
1526	40.65	39.80	38.72	38.96	41.81	40.95	40.16	35.58
1527	40.56	39.68	38.60	38.86	41.66	40.80	40.02	35.58
1528	40.46	39.57	38.49	38.76	41.50	40.66	39.88	35.57
1529	40.35	39.45	38.37	38.67	41.34	40.52	39.74	35.57
1530	40.26	39.35	38.27	38.57	41.20	40.39	39.62	35.57
1531	40.18	39.25	38.17	38.47	41.06	40.26	39.49	35.56
1532	40.08	39.15	38.07	38.38	40.92	40.14	39.37	35.56
1533	39.99	39.07	37.98	38.29	40.78	40.02	39.26	35.55
1534	39.90	38.97	37.89	38.20	40.65	39.90	39.14	35.54
1535	39.81	38.88	37.80	38.11	40.52	39.79	39.03	35.53
1536	39.72	38.80	37.72	38.02	40.39	39.68	38.92	35.52
1537	39.63	38.72	37.64	37.93	40.27	39.58	38.83	35.51
1538	39.55	38.64	37.56	37.85	40.14	39.47	38.72	35.49
1539	39.46	38.57	37.49	37.76	40.02	39.38	38.63	35.48
1540	39.38	38.49	37.42	37.68	39.91	39.28	38.54	35.46
1541	39.30	38.42	37.35	37.60	39.79	39.18	38.45	35.45
1542	39.21	38.35	37.29	37.52	39.68	39.09	38.37	35.43
1543	39.13	38.28	37.23	37.44	39.57	39.00	38.29	35.42
1544	39.05	38.21	37.16	37.37	39.46	38.91	38.20	35.40
1545	38.97	38.14	37.11	37.29	39.36	38.83	38.13	35.38
1546	38.90	38.08	37.05	37.22	39.26	38.75	38.06	35.37
1547	38.82	38.02	37.00	37.15	39.16	38.67	37.98	35.34
1548	38.75	37.96	36.94	37.08	39.06	38.59	37.92	35.32
1549	38.67	37.90	36.89	37.01	38.97	38.51	37.85	35.31
1550	38.60	37.84	36.84	36.94	38.87	38.44	37.78	35.28
1551	38.52	37.78	36.79	36.87	38.79	38.37	37.72	35.27
1552	38.46	37.73	36.75	36.80	38.71	38.30	37.66	35.24
1553	38.39	37.68	36.70	36.74	38.61	38.23	37.60	35.22
1554	38.32	37.63	36.65	36.68	38.54	38.16	37.54	35.20
1555	38.25	37.58	36.61	36.61	38.45	38.10	37.48	35.18
1556	38.18	37.52	36.57	36.55	38.37	38.03	37.43	35.15
1557	38.12	37.47	36.53	36.49	38.30	37.97	37.37	35.13
1558	38.05	37.43	36.49	36.44	38.21	37.92	37.33	35.11
1559	37.99	37.38	36.45	36.38	38.15	37.86	37.28	35.09
1560	37.93	37.33	36.41	36.32	38.07	37.81	37.23	35.06
1561	37.87	37.29	36.37	36.26	38.00	37.75	37.18	35.04
1562	37.81	37.24	36.34	36.21	37.94	37.69	37.14	35.02
1563	37.75	37.20	36.30	36.16	37.87	37.64	37.09	35.00
1564	37.69	37.16	36.27	36.11	37.79	37.59	37.05	34.98
1565	37.64	37.12	36.23	36.06	37.74	37.54	37.01	34.95
1566	37.57	37.08	36.20	36.00	37.67	37.49	36.97	34.93
1567	37.52	37.04	36.17	35.95	37.61	37.45	36.94	34.91
1568	37.47	37.00	36.14	35.90	37.55	37.40	36.89	34.89
1569	37.41	36.96	36.11	35.86	37.49	37.35	36.86	34.86
1570	37.36	36.93	36.08	35.81	37.43	37.31	36.82	34.84
1571	37.30	36.89	36.05	35.77	37.38	37.27	36.79	34.82
1572	37.25	36.85	36.02	35.72	37.33	37.23	36.76	34.79
1573	37.20	36.81	36.00	35.68	37.27	37.18	36.72	34.77
1574	37.15	36.78	35.97	35.63	37.22	37.14	36.69	34.75
1575	37.09	36.74	35.94	35.59	37.16	37.10	36.66	34.72
1576	37.04	36.69	35.92	35.56	37.09	37.05	36.63	34.71
1577	37.00	36.67	35.90	35.51	37.05	37.02	36.60	34.68
1578	36.95	36.64	35.87	35.48	37.01	36.99	36.57	34.66
1579	36.90	36.60	35.84	35.43	36.96	36.95	36.54	34.64
1580	36.86	36.57	35.81	35.39	36.91	36.92	36.51	34.62
1581	36.81	36.54	35.79	35.36	36.88	36.89	36.48	34.60
1582	36.76	36.51	35.77	35.32	36.83	36.85	36.46	34.58
1583	36.72	36.48	35.75	35.28	36.79	36.82	36.43	34.55
1584	36.68	36.45	35.72	35.25	36.75	36.79	36.41	34.53
1585	36.63	36.42	35.71	35.21	36.71	36.75	36.38	34.51
1586	36.60	36.39	35.68	35.18	36.67	36.72	36.36	34.49
1587	36.55	36.36	35.66	35.14	36.63	36.70	36.33	34.47
1588	36.51	36.34	35.63	35.11	36.59	36.67	36.31	34.46
1589	36.47	36.30	35.62	35.08	36.56	36.64	36.29	34.43
1590	36.43	36.28	35.60	35.05	36.52	36.61	36.26	34.41
1591	36.39	36.25	35.58	35.01	36.49	36.58	36.24	34.39
1592	36.35	36.23	35.56	34.99	36.46	36.55	36.22	34.37
1593	36.31	36.20	35.54	34.95	36.42	36.54	36.20	34.35
1594	36.28	36.17	35.52	34.93	36.39	36.51	36.18	34.33
1595	36.24	36.15	35.50	34.89	36.36	36.49	36.17	34.31
1596	36.20	36.13	35.48	34.86	36.32	36.46	36.15	34.29
1597	36.17	36.10	35.47	34.84	36.29	36.44	36.13	34.27
1598	36.13	36.08	35.45	34.81	36.27	36.42	36.10	34.26
1599	36.09	36.05	35.43	34.78	36.23	36.40	36.09	34.23
1600	36.07	36.03	35.42	34.75	36.20	36.38	36.07	34.21
1601	36.03	36.01	35.40	34.73	36.18	36.35	36.06	34.20
1602	35.99	35.98	35.38	34.70	36.15	36.34	36.04	34.18
1603	35.96	36.02	35.45	34.67	36.12	36.46	36.02	34.16
1604	35.93	36.15	35.63	34.65	36.12	36.76	36.02	34.14
1605	35.91	36.36	35.90	34.63	36.16	37.11	36.05	34.12
1606	35.89	36.60	36.20	34.63	36.21	37.48	36.12	34.11
1607	35.89	36.88	36.52	34.65	36.33	37.86	36.22	34.10
1608	35.91	37.15	36.84	34.67	36.46	38.22	36.36	34.08
1609	35.94	37.43	37.15	34.71	36.62	38.56	36.50	34.06
1610	35.98	37.69	37.45	34.77	36.78	38.88	36.67	34.04
1611	36.04	37.95	37.75	34.84	36.95	39.18	36.85	34.03
1612	36.11	38.20	38.03	34.92	37.13	39.47	37.05	34.01
1613	36.19	38.43	38.30	35.00	37.31	39.73	37.24	33.99
1614	36.26	38.66	38.55	35.09	37.50	39.99	37.44	33.99
1615	36.35	38.88	38.79	35.19	37.69	40.24	37.63	33.97
1616	36.44	39.08	39.02	35.29	37.87	40.46	37.83	33.95
1617	36.53	39.28	39.24	35.39	38.06	40.69	38.03	33.94
1618	36.63	39.46	39.45	35.50	38.24	40.90	38.22	33.93
1619	36.73	39.64	39.64	35.60	38.43	41.10	38.41	33.92
1620	36.83	39.81	39.83	35.71	38.61	41.30	38.60	33.92
1621	36.93	39.97	40.01	35.82	38.79	41.49	38.79	33.91
1622	37.03	40.13	40.17	35.92	38.97	41.67	38.97	33.90
1623	37.13	40.27	40.33	36.03	39.15	41.84	39.14	33.90
1624	37.23	40.41	40.48	36.15	39.32	42.01	39.31	33.90
1625	37.33	40.54	40.62	36.24	39.49	42.17	39.47	33.90
1626	37.44	40.67	40.76	36.36	39.65	42.32	39.63	33.90
1627	37.54	40.80	40.89	36.46	39.82	42.48	39.78	33.90
1628	37.64	40.92	41.01	36.56	39.98	42.62	39.93	33.91
1629	37.74	41.04	41.13	36.67	40.14	42.76	40.07	33.91
1630	37.84	41.15	41.25	36.77	40.29	42.90	40.21	33.92
1631	37.94	41.25	41.35	36.87	40.44	43.03	40.34	33.93
1632	38.04	41.35	41.46	36.97	40.60	43.15	40.46	33.94
1633	38.13	41.46	41.56	37.07	40.73	43.28	40.58	33.95
1634	38.23	41.56	41.65	37.17	40.88	43.40	40.71	33.96
1635	38.33	41.64	41.75	37.26	41.02	43.52	40.82	33.97
1636	38.42	41.74	41.83	37.36	41.15	43.63	40.93	33.99
1637	38.51	41.82	41.91	37.45	41.29	43.74	41.04	34.00
1638	38.60	41.90	41.99	37.54	41.42	43.85	41.14	34.02
1639	38.70	41.98	42.06	37.62	41.54	43.95	41.24	34.03
1640	38.78	42.06	42.14	37.71	41.66	44.05	41.34	34.05
1641	38.87	42.14	42.21	37.80	41.78	44.15	41.42	34.07
1642	38.95	42.21	42.28	37.88	41.89	44.24	41.51	34.09
1643	39.04	42.29	42.35	37.96	42.01	44.33	41.60	34.11
1644	39.13	42.36	42.41	38.04	42.12	44.42	41.68	34.13
1645	39.21	42.43	42.47	38.13	42.22	44.51	41.76	34.15
1646	39.29	42.49	42.53	38.21	42.33	44.58	41.84	34.17
1647	39.37	42.56	42.59	38.29	42.43	44.67	41.91	34.20
1648	39.45	42.62	42.65	38.36	42.54	44.75	41.98	34.22
1649	39.53	42.68	42.70	38.43	42.63	44.83	42.05	34.24
1650	39.61	42.75	42.75	38.50	42.72	44.90	42.11	34.26
1651	39.68	42.80	42.80	38.57	42.81	44.97	42.18	34.29
1652	39.76	42.86	42.86	38.65	42.90	45.03	42.24	34.31
1653	39.83	42.92	42.88	38.71	42.99	45.11	42.29	34.33
1654	39.91	42.97	42.94	38.77	43.08	45.17	42.35	34.36
1655	39.98	43.03	42.99	38.84	43.16	45.23	42.41	34.38
1656	40.05	43.07	43.03	38.91	43.25	45.29	42.46	34.41
1657	40.12	43.13	43.08	38.97	43.32	45.36	42.51	34.44
1658	40.18	43.18	43.12	39.03	43.40	45.42	42.56	34.46
1659	40.25	43.23	43.16	39.09	43.47	45.47	42.61	34.49
1660	40.31	43.28	43.20	39.16	43.55	45.53	42.67	34.51
1661	40.38	43.33	43.24	39.21	43.62	45.58	42.71	34.54
1662	40.45	43.37	43.28	39.27	43.69	45.63	42.75	34.57
1663	40.49	43.41	43.32	39.32	43.75	45.69	42.80	34.59
1664	40.55	43.45	43.35	39.38	43.82	45.74	42.84	34.62
1665	40.62	43.50	43.38	39.44	43.88	45.79	42.88	34.65
1666	40.68	43.54	43.42	39.49	43.94	45.84	42.92	34.67
1667	40.74	43.58	43.44	39.54	44.01	45.88	42.96	34.70
1668	40.80	43.62	43.48	39.59	44.07	45.93	43.00	34.72
1669	40.86	43.66	43.51	39.63	44.12	45.97	43.03	34.75
1670	40.91	43.70	43.54	39.69	44.18	46.01	43.07	34.77
1671	40.97	43.74	43.57	39.73	44.24	46.05	43.10	34.81
1672	41.02	43.78	43.60	39.78	44.29	46.09	43.13	34.83
1673	41.08	43.81	43.63	39.82	44.34	46.13	43.17	34.85
1674	41.13	43.85	43.65	39.87	44.39	46.17	43.19	34.88
1675	41.18	43.88	43.68	39.92	44.44	46.20	43.23	34.90
1676	41.23	43.92	43.71	39.96	44.49	46.24	43.26	34.93
1677	41.28	43.96	43.73	40.00	44.54	46.28	43.28	34.95
1678	41.33	43.99	43.76	40.05	44.59	46.31	43.31	34.97
1679	41.38	44.02	43.78	40.08	44.63	46.34	43.34	35.01
1680	41.43	44.05	43.80	40.12	44.67	46.37	43.36	35.02
1681	41.48	44.08	43.83	40.16	44.71	46.40	43.38	35.04
1682	41.53	44.12	43.86	40.21	44.76	46.43	43.40	35.07
1683	41.58	44.15	43.88	40.25	44.80	46.46	43.43	35.10
1684	41.62	44.18	43.90	40.28	44.85	46.49	43.46	35.12
